ticker,trade_date,open_price,high_price,low_price,close_price,volume,turnover,shares_outstanding
060370,2020-01-02,4134,4230,4121,4230,288511,1203000000,24952264
060370,2020-01-03,4244,4511,4230,4380,1534743,6705000000,24952264
060370,2020-01-06,4309,4314,4143,4195,649418,2741000000,24952264
060370,2020-01-07,4222,4261,4129,4143,341064,1427000000,24952264
060370,2020-01-08,4116,4147,3879,3989,497328,1988000000,24952264
060370,2020-01-09,4125,4353,4090,4309,1008409,4293000000,24952264
060370,2020-01-10,4292,4388,4213,4371,699890,3024000000,24952264
060370,2020-01-13,4371,4415,4309,4366,606799,2641000000,24952264
060370,2020-01-14,4441,4529,4129,4165,1243937,5264000000,24952264
060370,2020-01-15,4169,4266,4125,4165,1095828,4599000000,24952264
060370,2020-01-16,4165,4344,4134,4204,999787,4229000000,24952264
060370,2020-01-17,4204,4292,4143,4147,487031,2050000000,24952264
060370,2020-01-20,4147,4178,3945,3963,384450,1538000000,24952264
060370,2020-01-21,3967,4033,3910,3910,208367,825000000,24952264
060370,2020-01-22,3941,4033,3914,3985,145696,581000000,24952264
060370,2020-01-23,4024,4059,3958,4011,118690,474000000,24952264
060370,2020-01-28,3875,3919,3761,3800,297862,1139000000,24952264
060370,2020-01-29,3888,3945,3800,3892,202432,787000000,24952264
060370,2020-01-30,3866,3928,3625,3726,268477,1008000000,24952264
060370,2020-01-31,3704,3800,3577,3585,292519,1072000000,24952264
060370,2020-02-03,3484,3857,3397,3827,365351,1351000000,24952264
060370,2020-02-04,3835,3901,3805,3879,104768,404000000,24952264
060370,2020-02-05,3932,3936,3862,3884,90278,352000000,24952264
060370,2020-02-06,3897,3971,3888,3928,100387,394000000,24952264
060370,2020-02-07,3914,4046,3892,4042,157095,624000000,24952264
060370,2020-02-10,4046,4160,4007,4064,384169,1568000000,24952264
060370,2020-02-11,4064,4108,4042,4081,132716,539000000,24952264
060370,2020-02-12,4077,4108,3963,4042,178736,719000000,24952264
060370,2020-02-13,4024,4121,3971,4033,155588,630000000,24952264
060370,2020-02-14,3985,4086,3976,4011,118437,476000000,24952264
060370,2020-02-17,3989,4108,3945,4042,202242,811000000,24952264
060370,2020-02-18,4042,4112,3980,3980,138134,559000000,24952264
060370,2020-02-19,3976,4033,3840,4033,167263,659000000,24952264
060370,2020-02-20,3993,4055,3888,3888,163176,642000000,24952264
060370,2020-02-21,3778,3906,3664,3726,187676,705000000,24952264
060370,2020-02-24,3568,3656,3471,3476,261789,926000000,24952264
060370,2020-02-25,3471,3726,3471,3726,207934,758000000,24952264
060370,2020-02-26,3673,3743,3590,3695,68050,249000000,24952264
060370,2020-02-27,3691,3704,3449,3625,193415,687000000,24952264
060370,2020-02-28,3467,3590,3322,3326,234348,802000000,24952264
060370,2020-03-02,3335,3449,3309,3401,149343,507000000,24952264
060370,2020-03-03,3511,3546,3462,3528,130143,457000000,24952264
060370,2020-03-04,3462,3647,3462,3603,136696,489000000,24952264
060370,2020-03-05,3669,3669,3555,3616,70559,255000000,24952264
060370,2020-03-06,3568,3607,3493,3519,76023,268000000,24952264
060370,2020-03-09,3462,3559,3291,3335,139086,468000000,24952264
060370,2020-03-10,3212,3397,3125,3357,237143,774000000,24952264
060370,2020-03-11,3335,3370,3107,3125,200203,638000000,24952264
060370,2020-03-12,3098,3103,2651,2809,331894,953000000,24952264
060370,2020-03-13,2387,2624,2295,2453,500828,1227000000,24952264
060370,2020-03-16,2462,2703,2339,2339,439950,1091000000,24952264
060370,2020-03-17,2115,2339,2115,2335,556146,1245000000,24952264
060370,2020-03-18,2370,2501,2137,2172,321118,733000000,24952264
060370,2020-03-19,2177,2273,1720,1773,552878,1042000000,24952264
060370,2020-03-20,1773,1905,1742,1861,746413,1351000000,24952264
060370,2020-03-23,1729,1799,1632,1725,298738,509000000,24952264
060370,2020-03-24,1760,2194,1760,2019,1314413,2537000000,24952264
060370,2020-03-25,2054,2168,2045,2133,718203,1507000000,24952264
060370,2020-03-26,2155,2343,2098,2216,697152,1574000000,24952264
060370,2020-03-27,2348,2348,2155,2295,393856,896000000,24952264
060370,2020-03-30,2234,2563,2177,2515,738697,1771000000,24952264
060370,2020-03-31,2572,2760,2515,2629,572836,1498000000,24952264
060370,2020-04-01,2602,2738,2528,2528,305637,804000000,24952264
060370,2020-04-02,2554,2918,2554,2699,3034197,8398000000,24952264
060370,2020-04-03,2708,2809,2686,2795,717170,1974000000,24952264
060370,2020-04-06,2844,3041,2773,2888,1073921,3082000000,24952264
060370,2020-04-07,2949,2949,2760,2852,467595,1319000000,24952264
060370,2020-04-08,2831,2874,2743,2826,332162,933000000,24952264
060370,2020-04-09,2896,3673,2861,3629,10704095,38523000000,24952264
060370,2020-04-10,3511,3563,3160,3269,2158634,7229000000,24952264
060370,2020-04-13,3291,3467,3107,3199,1728499,5733000000,24952264
060370,2020-04-14,3256,3331,3199,3313,735264,2404000000,24952264
060370,2020-04-16,3423,3638,3247,3462,2392146,8246000000,24952264
060370,2020-04-17,3440,3440,3361,3414,496852,1690000000,24952264
060370,2020-04-20,3432,3484,3344,3414,795808,2723000000,24952264
060370,2020-04-21,3410,3511,3063,3265,1142755,3782000000,24952264
060370,2020-04-22,3265,3844,3212,3770,2219231,7873000000,24952264
060370,2020-04-23,3528,3765,3449,3563,1702129,6128000000,24952264
060370,2020-04-24,3524,3559,3340,3383,741323,2564000000,24952264
060370,2020-04-27,3419,3581,3388,3419,400543,1386000000,24952264
060370,2020-04-28,3427,3669,3427,3502,1312401,4659000000,24952264
060370,2020-04-29,3598,3739,3519,3581,1720136,6270000000,24952264
060370,2020-05-04,3607,3664,3533,3546,404847,1453000000,24952264
060370,2020-05-06,3603,3708,3546,3598,749243,2705000000,24952264
060370,2020-05-07,3598,3660,3581,3607,306536,1106000000,24952264
060370,2020-05-08,3620,3673,3594,3625,394154,1429000000,24952264
060370,2020-05-11,3625,3625,3467,3572,341866,1219000000,24952264
060370,2020-05-12,3612,3634,3506,3634,348694,1248000000,24952264
060370,2020-05-13,3598,3598,3533,3577,184368,656000000,24952264
060370,2020-05-14,3568,3669,3555,3625,475530,1722000000,24952264
060370,2020-05-15,3717,3717,3563,3598,362713,1309000000,24952264
060370,2020-05-18,3638,3664,3546,3629,329695,1185000000,24952264
060370,2020-05-19,3647,3805,3603,3805,1218063,4525000000,24952264
060370,2020-05-20,3805,3919,3748,3761,714979,2725000000,24952264
060370,2020-05-21,3761,3963,3761,3892,1015535,3949000000,24952264
060370,2020-05-22,4020,4125,3796,3844,1149624,4544000000,24952264
060370,2020-05-25,3853,3910,3739,3756,558412,2125000000,24952264
060370,2020-05-26,3783,3831,3713,3822,338422,1280000000,24952264
060370,2020-05-27,3822,3914,3761,3897,516575,1983000000,24952264
060370,2020-05-28,3910,4046,3713,3713,1087517,4229000000,24952264
060370,2020-05-29,3699,3840,3616,3783,306833,1142000000,24952264
060370,2020-06-01,3778,3919,3778,3897,403175,1559000000,24952264
060370,2020-06-02,3892,4029,3774,3866,477982,1871000000,24952264
060370,2020-06-03,3958,4094,3857,3857,1456071,5790000000,24952264
060370,2020-06-04,3906,3936,3835,3879,540252,2097000000,24952264
060370,2020-06-05,3879,3906,3822,3897,235568,910000000,24952264
060370,2020-06-08,3901,3932,3774,3879,297237,1149000000,24952264
060370,2020-06-09,3862,3879,3739,3783,225494,856000000,24952264
060370,2020-06-10,3774,3774,3677,3677,282313,1044000000,24952264
060370,2020-06-11,3677,3717,3598,3620,276785,1010000000,24952264
060370,2020-06-12,3449,3704,3423,3642,346289,1216000000,24952264
060370,2020-06-15,3528,3669,3375,3375,304680,1065000000,24952264
060370,2020-06-16,3489,3616,3449,3581,168809,597000000,24952264
060370,2020-06-17,3541,3620,3467,3541,152503,539000000,24952264
060370,2020-06-18,3555,4002,3458,3598,3659761,13958000000,24952264
060370,2020-06-19,3616,3774,3519,3607,515146,1866000000,24952264
060370,2020-06-22,3642,3651,3568,3607,176734,636000000,24952264
060370,2020-06-23,3642,3651,3511,3559,189070,672000000,24952264
060370,2020-06-24,3590,3620,3555,3581,186394,668000000,24952264
060370,2020-06-25,3528,3603,3511,3572,154100,547000000,24952264
060370,2020-06-26,3598,3682,3541,3625,250218,901000000,24952264
060370,2020-06-29,3581,3673,3541,3616,304552,1102000000,24952264
060370,2020-06-30,3713,3717,3581,3603,269062,981000000,24952264
060370,2020-07-01,3607,3818,3607,3721,664119,2473000000,24952264
060370,2020-07-02,3713,3866,3713,3770,718505,2727000000,24952264
060370,2020-07-03,3818,3844,3735,3805,283107,1072000000,24952264
060370,2020-07-06,3818,3914,3770,3853,446727,1715000000,24952264
060370,2020-07-07,3862,3897,3792,3822,586233,2291000000,24952264
060370,2020-07-08,4037,4064,3735,3735,1627817,6363000000,24952264
060370,2020-07-09,3735,3923,3735,3879,623624,2409000000,24952264
060370,2020-07-10,3879,3932,3721,3792,473614,1796000000,24952264
060370,2020-07-13,3787,3818,3686,3818,191857,723000000,24952264
060370,2020-07-14,3774,3871,3752,3814,246118,935000000,24952264
060370,2020-07-15,3783,3827,3761,3774,130398,493000000,24952264
060370,2020-07-16,3778,3844,3743,3774,247135,937000000,24952264
060370,2020-07-17,3809,3822,3748,3792,170821,644000000,24952264
060370,2020-07-20,3809,3809,3677,3726,180388,670000000,24952264
060370,2020-07-21,3730,3778,3634,3717,250818,928000000,24952264
060370,2020-07-22,3752,3932,3699,3827,676893,2595000000,24952264
060370,2020-07-23,3827,3884,3704,3739,306822,1153000000,24952264
060370,2020-07-24,3704,3774,3634,3761,173624,646000000,24952264
060370,2020-07-27,3756,3818,3713,3787,161714,608000000,24952264
060370,2020-07-28,3792,3805,3735,3774,151069,568000000,24952264
060370,2020-07-29,3774,3827,3743,3783,173989,659000000,24952264
060370,2020-07-30,3835,4669,3761,4160,16012886,69772000000,24952264
060370,2020-07-31,4129,4305,4055,4160,3071663,12764000000,24952264
060370,2020-08-03,4121,4252,4015,4015,1081289,4441000000,24952264
060370,2020-08-04,3998,4103,3941,4046,611986,2460000000,24952264
060370,2020-08-05,4011,4064,3954,3976,363475,1450000000,24952264
060370,2020-08-06,3976,4090,3941,3954,467526,1864000000,24952264
060370,2020-08-07,3976,3985,3875,3910,394519,1547000000,24952264
060370,2020-08-10,3884,3950,3866,3945,241925,947000000,24952264
060370,2020-08-11,4002,4094,3941,3998,671660,2695000000,24952264
060370,2020-08-12,4002,4020,3844,3888,413464,1614000000,24952264
060370,2020-08-13,3888,3985,3844,3910,319287,1247000000,24952264
060370,2020-08-14,3928,3928,3756,3778,381441,1453000000,24952264
060370,2020-08-18,3721,3739,3353,3515,597050,2137000000,24952264
060370,2020-08-19,3511,3616,3484,3585,216390,769000000,24952264
060370,2020-08-20,3594,3625,3313,3335,482887,1646000000,24952264
060370,2020-08-21,3340,3445,3256,3427,226078,756000000,24952264
060370,2020-08-24,3370,3581,3361,3555,162189,561000000,24952264
060370,2020-08-25,3577,3634,3563,3625,168645,608000000,24952264
060370,2020-08-26,3625,3673,3550,3629,214007,771000000,24952264
060370,2020-08-27,3642,3660,3555,3656,212903,767000000,24952264
060370,2020-08-28,3656,3765,3629,3726,313913,1165000000,24952264
060370,2020-08-31,3770,3774,3620,3642,188275,691000000,24952264
060370,2020-09-01,3642,3704,3607,3695,130071,475000000,24952264
060370,2020-09-02,3695,3730,3616,3651,130430,475000000,24952264
060370,2020-09-03,3656,3958,3651,3871,1242291,4788000000,24952264
060370,2020-09-04,3774,5029,3756,5029,7204150,32896000000,24952264
060370,2020-09-07,5687,6363,5327,5617,25994531,151584000000,24952264
060370,2020-09-08,5907,6047,5503,5503,6252211,36021000000,24952264
060370,2020-09-09,5442,5810,5266,5433,4708261,26124000000,24952264
060370,2020-09-10,5450,5872,5336,5371,4335241,24168000000,24952264
060370,2020-09-11,5266,5582,5240,5582,2457328,13319000000,24952264
060370,2020-09-14,5363,5415,5117,5196,2314039,12089000000,24952264
060370,2020-09-15,5222,5292,4985,5275,1418367,7305000000,24952264
060370,2020-09-16,5187,5494,5161,5319,1595111,8510000000,24952264
060370,2020-09-17,5292,5310,4924,4950,1020304,5183000000,24952264
060370,2020-09-18,4994,5108,4775,5064,873015,4309000000,24952264
060370,2020-09-21,5029,5029,4643,4783,788049,3806000000,24952264
060370,2020-09-22,4783,4810,4340,4432,1237904,5572000000,24952264
060370,2020-09-23,4538,4608,4239,4432,691991,3029000000,24952264
060370,2020-09-24,4283,4608,4244,4244,706272,3097000000,24952264
060370,2020-09-25,4318,4485,4287,4423,662373,2911000000,24952264
060370,2020-09-28,4494,4678,4415,4564,538068,2450000000,24952264
060370,2020-09-29,4581,4581,4331,4415,753840,3328000000,24952264
060370,2020-10-05,4441,4810,4375,4704,929486,4322000000,24952264
060370,2020-10-06,4713,5064,4652,4739,1420578,6914000000,24952264
060370,2020-10-07,4739,4862,4687,4783,292137,1398000000,24952264
060370,2020-10-08,4871,4941,4713,4897,499761,2412000000,24952264
060370,2020-10-12,4950,4968,4739,4775,471374,2278000000,24952264
060370,2020-10-13,4862,5231,4862,5055,3231322,16461000000,24952264
060370,2020-10-14,5055,5064,4792,4862,722985,3546000000,24952264
060370,2020-10-15,4862,4889,4634,4713,470164,2216000000,24952264
060370,2020-10-16,4713,6100,4538,5319,38855001,219052000000,24952264
060370,2020-10-19,5117,5775,5055,5301,12748744,69169000000,24952264
060370,2020-10-20,5196,5617,5143,5442,7300432,39542000000,24952264
060370,2020-10-21,5459,6196,5380,6153,16198651,93269000000,24952264
060370,2020-10-22,5968,6003,5617,5617,5317422,30984000000,24952264
060370,2020-10-23,5573,5582,5161,5222,3222703,17215000000,24952264
060370,2020-10-26,5134,5187,4827,4827,1462170,7305000000,24952264
060370,2020-10-27,4739,4985,4617,4687,1414367,6829000000,24952264
060370,2020-10-28,4687,4941,4687,4854,1000788,4853000000,24952264
060370,2020-10-29,4766,4792,4608,4731,738091,3474000000,24952264
060370,2020-10-30,4862,5064,4739,4818,1474993,7258000000,24952264
060370,2020-11-02,4818,5371,4818,5161,2866180,14770000000,24952264
060370,2020-11-03,5205,5284,5091,5117,1032830,5332000000,24952264
060370,2020-11-04,5178,5266,4775,4897,2343619,11854000000,24952264
060370,2020-11-05,5082,5257,4941,5099,1502637,7662000000,24952264
060370,2020-11-06,5126,5336,5055,5161,1668444,8655000000,24952264
060370,2020-11-09,5266,5784,5170,5538,5007574,27578000000,24952264
060370,2020-11-10,5538,5652,5310,5635,1429960,7943000000,24952264
060370,2020-11-11,5591,5617,5389,5433,957997,5245000000,24952264
060370,2020-11-12,5459,5503,5345,5354,709899,3837000000,24952264
060370,2020-11-13,5134,5222,5047,5170,998375,5122000000,24952264
060370,2020-11-16,5319,5319,5091,5134,456117,2363000000,24952264
060370,2020-11-17,5117,5345,5108,5170,1083644,5682000000,24952264
060370,2020-11-18,5266,5512,5257,5371,1113987,5990000000,24952264
060370,2020-11-19,5327,5521,5266,5336,898194,4846000000,24952264
060370,2020-11-20,5345,5714,5266,5415,3323501,18263000000,24952264
060370,2020-11-23,5398,5468,5319,5345,690792,3709000000,24952264
060370,2020-11-24,5292,5468,5257,5354,696724,3732000000,24952264
060370,2020-11-25,5398,5406,5231,5249,418841,2225000000,24952264
060370,2020-11-26,5213,5284,5126,5170,331031,1721000000,24952264
060370,2020-11-27,5170,5205,5091,5178,371998,1916000000,24952264
060370,2020-11-30,5196,5249,5064,5064,347155,1782000000,24952264
060370,2020-12-01,5099,5371,5082,5213,851065,4473000000,24952264
060370,2020-12-02,5231,5310,5170,5292,368826,1926000000,24952264
060370,2020-12-03,5284,5301,5152,5170,267394,1391000000,24952264
060370,2020-12-04,5178,5178,4959,5020,496725,2512000000,24952264
060370,2020-12-07,5003,5047,4827,4880,453639,2216000000,24952264
060370,2020-12-08,4810,4941,4810,4827,271654,1322000000,24952264
060370,2020-12-09,4827,5029,4827,4897,265423,1305000000,24952264
060370,2020-12-10,4889,5038,4827,5038,201001,996000000,24952264
060370,2020-12-11,5012,5213,4959,4959,202177,1018000000,24952264
060370,2020-12-14,4933,5003,4871,4897,197664,968000000,24952264
060370,2020-12-15,4906,4933,4810,4827,154761,748000000,24952264
060370,2020-12-16,4836,4924,4818,4871,194595,944000000,24952264
060370,2020-12-17,4871,4915,4739,4854,329311,1622000000,24952264
060370,2020-12-18,5178,5626,4959,4985,7394715,39394000000,24952264
060370,2020-12-21,4906,5047,4871,4976,557932,2771000000,24952264
060370,2020-12-22,4933,5055,4889,4906,500772,2494000000,24952264
060370,2020-12-23,4906,4950,4660,4696,549009,2619000000,24952264
060370,2020-12-24,4696,4757,4634,4660,302918,1419000000,24952264
060370,2020-12-28,4643,4660,4450,4476,439893,1988000000,24952264
060370,2020-12-29,4423,4713,4384,4608,383578,1725000000,24952264
060370,2020-12-30,4590,4704,4581,4660,179431,834000000,24952264
060370,2021-01-04,4643,4722,4599,4669,278111,1288000000,24952264
060370,2021-01-05,4625,4827,4617,4766,388207,1839000000,24952264
060370,2021-01-06,4810,4827,4713,4766,350878,1665000000,24952264
060370,2021-01-07,4792,4906,4783,4845,331912,1603000000,24952264
060370,2021-01-08,4836,4862,4739,4739,281055,1343000000,24952264
060370,2021-01-11,4792,4792,4336,4511,613195,2758000000,24952264
060370,2021-01-12,4529,4810,4301,4739,770278,3576000000,24952264
060370,2021-01-13,4739,4783,4669,4722,185323,876000000,24952264
060370,2021-01-14,4731,4818,4660,4739,250283,1187000000,24952264
060370,2021-01-15,4739,4924,4696,4783,491612,2360000000,24952264
060370,2021-01-18,4713,4897,4696,4766,417704,2007000000,24952264
060370,2021-01-19,4827,5012,4757,4941,780206,3828000000,24952264
060370,2021-01-20,4941,4985,4880,4941,286793,1414000000,24952264
060370,2021-01-21,4959,4994,4880,4906,250640,1229000000,24952264
060370,2021-01-22,4854,5336,4827,4906,1508265,7630000000,24952264
060370,2021-01-25,5012,5091,4897,5012,595766,2983000000,24952264
060370,2021-01-26,5003,5108,4889,4941,328011,1635000000,24952264
060370,2021-01-27,4915,4985,4827,4836,201189,984000000,24952264
060370,2021-01-28,4713,4792,4608,4757,232146,1089000000,24952264
060370,2021-01-29,4775,4845,4450,4564,266405,1225000000,24952264
060370,2021-02-01,4555,5055,4441,4810,1740429,8381000000,24952264
060370,2021-02-02,5003,5055,4854,4976,764389,3771000000,24952264
060370,2021-02-03,4976,5003,4862,4968,439764,2167000000,24952264
060370,2021-02-04,4959,5055,4845,4845,472529,2323000000,24952264
060370,2021-02-05,4880,5055,4739,4950,563792,2753000000,24952264
060370,2021-02-08,5003,5003,4818,4862,270048,1318000000,24952264
060370,2021-02-09,4836,4897,4810,4827,182298,882000000,24952264
060370,2021-02-10,4801,4827,4731,4801,134996,643000000,24952264
060370,2021-02-15,4827,4845,4766,4827,177970,854000000,24952264
060370,2021-02-16,4827,4862,4766,4810,174296,837000000,24952264
060370,2021-02-17,4810,4933,4792,4871,318352,1549000000,24952264
060370,2021-02-18,4871,4950,4827,4950,310817,1522000000,24952264
060370,2021-02-19,4959,5398,4933,5020,4068840,20981000000,24952264
060370,2021-02-22,5064,5240,4985,5055,746339,3814000000,24952264
060370,2021-02-23,5003,5020,4687,4915,486237,2380000000,24952264
060370,2021-02-24,4862,4915,4652,4652,432671,2061000000,24952264
060370,2021-02-25,4792,4792,4704,4713,142662,674000000,24952264
060370,2021-02-26,4696,4696,4573,4625,216797,1003000000,24952264
060370,2021-03-02,4634,4810,4564,4634,110770,515000000,24952264
060370,2021-03-03,4590,4687,4564,4652,84114,389000000,24952264
060370,2021-03-04,4573,4687,4555,4643,109627,505000000,24952264
060370,2021-03-05,4564,4704,4485,4687,199741,911000000,24952264
060370,2021-03-08,4687,4731,4617,4625,141392,660000000,24952264
060370,2021-03-09,4573,4669,4502,4669,121070,555000000,24952264
060370,2021-03-10,4669,4731,4581,4599,96270,444000000,24952264
060370,2021-03-11,4599,4634,4546,4617,85514,393000000,24952264
060370,2021-03-12,4608,4713,4608,4713,101613,474000000,24952264
060370,2021-03-15,4783,4783,4687,4731,147702,699000000,24952264
060370,2021-03-16,4713,4748,4669,4713,72975,342000000,24952264
060370,2021-03-17,4748,4801,4660,4801,122593,576000000,24952264
060370,2021-03-18,4810,4810,4696,4775,144015,684000000,24952264
060370,2021-03-19,4739,4889,4722,4889,213715,1030000000,24952264
060370,2021-03-22,4889,5012,4880,4994,394471,1949000000,24952264
060370,2021-03-23,4941,5029,4915,5020,312864,1554000000,24952264
060370,2021-03-24,5020,5301,4959,5108,1678039,8628000000,24952264
060370,2021-03-25,5055,5170,5012,5117,351239,1785000000,24952264
060370,2021-03-26,5091,5389,5091,5336,1577391,8342000000,24952264
060370,2021-03-29,5354,5363,5143,5222,662470,3463000000,24952264
060370,2021-03-30,5284,6082,5266,5336,11031691,62841000000,24952264
060370,2021-03-31,5292,5494,5292,5389,1042978,5607000000,24952264
060370,2021-04-01,5424,5424,5143,5249,743709,3926000000,24952264
060370,2021-04-02,5187,5406,5161,5406,548026,2905000000,24952264
060370,2021-04-05,5363,5424,5319,5354,277363,1488000000,24952264
060370,2021-04-06,5363,5556,5292,5529,735340,4005000000,24952264
060370,2021-04-07,5503,5547,5406,5468,412481,2255000000,24952264
060370,2021-04-08,5468,5503,5327,5389,431172,2330000000,24952264
060370,2021-04-09,5406,5468,5354,5389,232038,1251000000,24952264
060370,2021-04-12,5424,5424,5301,5389,339951,1822000000,24952264
060370,2021-04-13,5389,5573,5319,5556,619243,3372000000,24952264
060370,2021-04-14,5547,5556,5433,5485,412597,2256000000,24952264
060370,2021-04-15,5485,5556,5398,5406,358767,1954000000,24952264
060370,2021-04-16,5406,5494,5354,5433,299377,1621000000,24952264
060370,2021-04-19,5442,5661,5398,5538,1062248,5900000000,24952264
060370,2021-04-20,5582,5582,5468,5521,330929,1825000000,24952264
060370,2021-04-21,5503,5529,5354,5433,427223,2309000000,24952264
060370,2021-04-22,5485,5564,5406,5503,321979,1765000000,24952264
060370,2021-04-23,5442,5468,5371,5468,198794,1078000000,24952264
060370,2021-04-26,5485,5512,5389,5485,196895,1071000000,24952264
060370,2021-04-27,5512,5529,5406,5529,292014,1600000000,24952264
060370,2021-04-28,5521,5617,5424,5477,441108,2433000000,24952264
060370,2021-04-29,5477,5521,5354,5459,260481,1418000000,24952264
060370,2021-04-30,5459,5512,5398,5468,232606,1269000000,24952264
060370,2021-05-03,5468,5740,5459,5714,1389204,7850000000,24952264
060370,2021-05-04,5687,5889,5327,5652,1847814,10456000000,24952264
060370,2021-05-06,5652,5968,5608,5933,1476461,8615000000,24952264
060370,2021-05-07,5863,6425,5828,6135,5500715,33900000000,24952264
060370,2021-05-10,6205,7767,6188,7329,25184649,183695000000,24952264
060370,2021-05-11,7372,7566,7214,7495,3724913,27470000000,24952264
060370,2021-05-12,7381,7416,6960,7136,2498836,17837000000,24952264
060370,2021-05-13,6855,7109,6837,6855,1227526,8549000000,24952264
060370,2021-05-14,6872,7329,6837,6907,2127321,14984000000,24952264
060370,2021-05-17,6960,7092,6670,6679,933915,6404000000,24952264
060370,2021-05-18,6679,6828,6653,6732,515734,3477000000,24952264
060370,2021-05-20,6705,6863,6697,6767,351911,2389000000,24952264
060370,2021-05-21,6934,7197,6784,6899,1084125,7521000000,24952264
060370,2021-05-24,6881,6881,6583,6644,406103,2713000000,24952264
060370,2021-05-25,6644,6784,6609,6688,347873,2330000000,24952264
060370,2021-05-26,6784,7048,6784,6846,972657,6731000000,24952264
060370,2021-05-27,6811,7039,6732,6995,534580,3703000000,24952264
060370,2021-05-28,7065,7311,6855,7293,1777897,12727000000,24952264
060370,2021-05-31,7197,7214,7057,7092,605033,4298000000,24952264
060370,2021-06-01,7127,7162,6925,7136,505595,3564000000,24952264
060370,2021-06-02,7197,7329,7083,7144,806379,5818000000,24952264
060370,2021-06-03,7136,7285,7065,7171,267008,1909000000,24952264
060370,2021-06-04,7136,7513,7118,7320,1437183,10564000000,24952264
060370,2021-06-07,7337,7969,7153,7890,2809726,21529000000,24952264
060370,2021-06-08,7715,7811,7469,7592,1317464,10037000000,24952264
060370,2021-06-09,7548,7803,7469,7487,595657,4540000000,24952264
060370,2021-06-10,7469,7873,7399,7416,923361,6985000000,24952264
060370,2021-06-11,7434,7548,7258,7337,399612,2933000000,24952264
060370,2021-06-14,7302,7329,7144,7153,468549,3366000000,24952264
060370,2021-06-15,7144,7329,7074,7118,325483,2333000000,24952264
060370,2021-06-16,7118,7381,7092,7232,397349,2884000000,24952264
060370,2021-06-17,7232,7232,7065,7065,317540,2263000000,24952264
060370,2021-06-18,7065,7118,6846,6925,688462,4772000000,24952264
060370,2021-06-21,6899,6969,6758,6811,340231,2331000000,24952264
060370,2021-06-22,6846,7039,6784,6811,584033,4025000000,24952264
060370,2021-06-23,6802,6872,6583,6591,491863,3288000000,24952264
060370,2021-06-24,6811,6811,6521,6644,292807,1939000000,24952264
060370,2021-06-25,6635,6714,6556,6670,269628,1791000000,24952264
060370,2021-06-28,6697,6714,6600,6626,157170,1043000000,24952264
060370,2021-06-29,6714,6723,6600,6609,178129,1183000000,24952264
060370,2021-06-30,6653,6802,6618,6723,249834,1679000000,24952264
060370,2021-07-01,6784,6784,6644,6723,143547,963000000,24952264
060370,2021-07-02,6723,6899,6697,6784,282728,1924000000,24952264
060370,2021-07-05,6846,6855,6741,6749,172716,1170000000,24952264
060370,2021-07-06,6802,6811,6600,6626,291361,1943000000,24952264
060370,2021-07-07,6626,6907,6618,6670,666291,4531000000,24952264
060370,2021-07-08,6679,6758,6363,6381,463167,3004000000,24952264
060370,2021-07-09,6223,6319,6003,6161,437281,2679000000,24952264
060370,2021-07-12,6170,6381,6038,6354,224859,1406000000,24952264
060370,2021-07-13,6284,6679,6284,6591,531144,3472000000,24952264
060370,2021-07-14,6556,6556,6407,6425,210595,1361000000,24952264
060370,2021-07-15,6442,6574,6389,6574,177561,1149000000,24952264
060370,2021-07-16,6556,6556,6407,6416,103523,667000000,24952264
060370,2021-07-19,6389,6468,6188,6240,258777,1620000000,24952264
060370,2021-07-20,6161,6372,6091,6363,228492,1425000000,24952264
060370,2021-07-21,6425,6425,6223,6223,106267,669000000,24952264
060370,2021-07-22,6240,6319,6144,6153,131758,813000000,24952264
060370,2021-07-23,6188,6302,6135,6179,89645,553000000,24952264
060370,2021-07-26,6223,6223,5933,5986,204307,1236000000,24952264
060370,2021-07-27,6012,6389,6003,6302,470633,2941000000,24952264
060370,2021-07-28,6302,6319,6144,6188,107008,665000000,24952264
060370,2021-07-29,6231,7144,6065,6389,6413477,43420000000,24952264
060370,2021-07-30,6372,6451,6240,6319,447970,2831000000,24952264
060370,2021-08-02,6275,6337,6100,6100,374653,2312000000,24952264
060370,2021-08-03,6038,6389,6021,6144,435636,2683000000,24952264
060370,2021-08-04,6144,6354,6144,6302,247616,1554000000,24952264
060370,2021-08-05,6284,6539,6284,6504,406713,2613000000,24952264
060370,2021-08-06,6539,6539,6346,6416,182917,1172000000,24952264
060370,2021-08-09,6363,6407,6240,6267,162198,1019000000,24952264
060370,2021-08-10,6223,6328,6056,6135,218171,1338000000,24952264
060370,2021-08-11,6196,6196,6056,6074,139597,851000000,24952264
060370,2021-08-12,5995,6170,5995,6082,85336,520000000,24952264
060370,2021-08-13,6074,6135,5784,5889,349910,2060000000,24952264
060370,2021-08-17,5889,6179,5556,5635,498897,2900000000,24952264
060370,2021-08-18,5679,5758,5556,5670,175032,991000000,24952264
060370,2021-08-19,5591,5758,5415,5415,183525,1015000000,24952264
060370,2021-08-20,5442,5450,5143,5205,219395,1156000000,24952264
060370,2021-08-23,5213,5468,5099,5424,137955,735000000,24952264
060370,2021-08-24,5459,5591,5459,5547,178308,1020000000,24952264
060370,2021-08-25,6398,6556,5635,5635,2972319,18257000000,24952264
060370,2021-08-26,5643,5758,5521,5521,448503,2520000000,24952264
060370,2021-08-27,5582,5749,5529,5600,314111,1772000000,24952264
060370,2021-08-30,5635,5766,5600,5705,182867,1041000000,24952264
060370,2021-08-31,5679,5749,5564,5722,197029,1113000000,24952264
060370,2021-09-01,5714,5722,5617,5705,106155,603000000,24952264
060370,2021-09-02,5661,5714,5626,5661,86594,490000000,24952264
060370,2021-09-03,5635,5749,5617,5731,128730,733000000,24952264
060370,2021-09-06,5696,5705,5635,5705,103573,586000000,24952264
060370,2021-09-07,5626,5679,5573,5591,114119,638000000,24952264
060370,2021-09-08,5503,5591,5380,5424,213837,1168000000,24952264
060370,2021-09-09,5371,5494,5371,5406,107199,582000000,24952264
060370,2021-09-10,5415,5512,5389,5477,83584,454000000,24952264
060370,2021-09-13,5485,5521,5345,5354,106022,572000000,24952264
060370,2021-09-14,5301,5442,5301,5424,98097,527000000,24952264
060370,2021-09-15,5371,5538,5345,5406,111930,607000000,24952264
060370,2021-09-16,5424,5450,5310,5327,89432,478000000,24952264
060370,2021-09-17,5327,5354,5205,5266,130190,685000000,24952264
060370,2021-09-23,5205,5389,5178,5205,85032,443000000,24952264
060370,2021-09-24,5205,5284,5126,5170,137287,710000000,24952264
060370,2021-09-27,5178,5301,5117,5178,126702,659000000,24952264
060370,2021-09-28,5152,5661,5091,5152,642231,3410000000,24952264
060370,2021-09-29,5073,5231,5064,5099,134515,689000000,24952264
060370,2021-09-30,5082,5170,5082,5099,110536,566000000,24952264
060370,2021-10-01,5047,5099,4941,4994,148125,740000000,24952264
060370,2021-10-05,5091,5178,4739,4739,241591,1181000000,24952264
060370,2021-10-06,4739,4880,4520,4520,153201,710000000,24952264
060370,2021-10-07,4520,4678,4520,4625,91941,424000000,24952264
060370,2021-10-08,4625,4801,4581,4748,96750,450000000,24952264
060370,2021-10-12,4739,4739,4573,4608,75058,346000000,24952264
060370,2021-10-13,4573,4731,4573,4660,46166,215000000,24952264
060370,2021-10-14,4713,4827,4669,4783,78213,371000000,24952264
060370,2021-10-15,4827,4933,4801,4933,101856,495000000,24952264
060370,2021-10-18,4933,5152,4836,5134,168393,843000000,24952264
060370,2021-10-19,5126,5222,5055,5055,154696,794000000,24952264
060370,2021-10-20,5143,5143,5020,5064,52173,264000000,24952264
060370,2021-10-21,5055,5292,5012,5275,159414,825000000,24952264
060370,2021-10-22,5275,5363,5213,5266,167165,886000000,24952264
060370,2021-10-25,5222,5740,5161,5319,815860,4403000000,24952264
060370,2021-10-26,5310,5354,5240,5240,125770,665000000,24952264
060370,2021-10-27,5240,5319,5196,5319,75943,399000000,24952264
060370,2021-10-28,5292,5354,5231,5310,63597,336000000,24952264
060370,2021-10-29,5284,5301,5134,5266,122898,640000000,24952264
060370,2021-11-01,5240,5266,5143,5178,92433,479000000,24952264
060370,2021-11-02,5064,5266,5064,5213,58919,304000000,24952264
060370,2021-11-03,5152,5266,5117,5213,99475,514000000,24952264
060370,2021-11-04,5213,5266,5082,5187,69834,359000000,24952264
060370,2021-11-05,5187,5222,5012,5047,65135,331000000,24952264
060370,2021-11-08,5064,5178,4959,5073,90817,457000000,24952264
060370,2021-11-09,5073,5082,4950,5047,77862,388000000,24952264
060370,2021-11-10,5038,5055,4818,4915,125130,611000000,24952264
060370,2021-11-11,4871,4924,4713,4722,108609,519000000,24952264
060370,2021-11-12,4792,4871,4757,4818,40861,196000000,24952264
060370,2021-11-15,4818,4915,4792,4880,37976,184000000,24952264
060370,2021-11-16,4862,4897,4766,4801,54132,259000000,24952264
060370,2021-11-17,4827,4827,4634,4652,74861,350000000,24952264
060370,2021-11-18,4617,5073,4520,4880,278068,1343000000,24952264
060370,2021-11-19,4845,4897,4739,4880,60803,292000000,24952264
060370,2021-11-22,4880,4915,4643,4660,133114,624000000,24952264
060370,2021-11-23,4660,4739,4573,4573,37362,172000000,24952264
060370,2021-11-24,4555,4634,4485,4502,71001,321000000,24952264
060370,2021-11-25,4485,4617,4485,4581,40481,184000000,24952264
060370,2021-11-26,4643,4968,4450,4555,142083,661000000,24952264
060370,2021-11-29,4388,4494,4327,4366,133139,584000000,24952264
060370,2021-11-30,4371,4441,4050,4050,193702,810000000,24952264
060370,2021-12-01,4015,4160,3954,4134,140726,572000000,24952264
060370,2021-12-02,4072,4318,4072,4318,71810,305000000,24952264
060370,2021-12-03,4375,4459,4314,4432,54908,240000000,24952264
060370,2021-12-06,4388,4485,4279,4467,22845,100000000,24952264
060370,2021-12-07,4520,4810,4476,4722,163427,762000000,24952264
060370,2021-12-08,4696,4748,4529,4538,132520,614000000,24952264
060370,2021-12-09,4555,4643,4502,4520,61057,278000000,24952264
060370,2021-12-10,4520,4634,4511,4608,46505,212000000,24952264
060370,2021-12-13,4573,4617,4520,4538,31797,145000000,24952264
060370,2021-12-14,4476,4573,4476,4520,62887,302000000,24952264
060370,2021-12-15,4757,5205,4450,4450,621587,2912000000,24952264
060370,2021-12-16,4520,4520,4388,4406,117422,519000000,24952264
060370,2021-12-17,4441,4467,4384,4432,36021,159000000,24952264
060370,2021-12-20,4432,4511,4388,4397,60800,269000000,24952264
060370,2021-12-21,4450,4450,4349,4397,54350,238000000,24952264
060370,2021-12-22,4415,4476,4366,4476,270283,1278000000,24952264
060370,2021-12-23,4748,5196,4494,4529,3180495,15326000000,24952264
060370,2021-12-24,4608,4652,4520,4546,301360,1381000000,24952264
060370,2021-12-27,4625,5126,4564,4757,2050114,10024000000,24952264
060370,2021-12-28,4801,4818,4678,4731,253123,1196000000,24952264
060370,2021-12-29,4739,4792,4678,4766,137553,652000000,24952264
060370,2021-12-30,4775,4775,4643,4739,143710,673000000,24952264
060370,2022-01-03,4845,4950,4766,4792,284225,1380000000,24952264
060370,2022-01-04,4818,4950,4792,4941,212021,1033000000,24952264
060370,2022-01-05,4941,4959,4836,4897,163242,798000000,24952264
060370,2022-01-06,4827,4968,4810,4862,179584,878000000,24952264
060370,2022-01-07,4906,5126,4783,5082,331958,1655000000,24952264
060370,2022-01-10,5082,5082,4889,4889,238204,1178000000,24952264
060370,2022-01-11,4889,4941,4783,4783,150172,724000000,24952264
060370,2022-01-12,4801,4871,4757,4801,90311,435000000,24952264
060370,2022-01-13,4810,4871,4783,4827,62671,302000000,24952264
060370,2022-01-14,4739,4854,4696,4739,104014,493000000,24952264
060370,2022-01-17,4906,5687,4836,5231,6776052,36293000000,24952264
060370,2022-01-18,5196,5424,5091,5424,1429638,7496000000,24952264
060370,2022-01-19,5257,5319,5126,5213,833091,4351000000,24952264
060370,2022-01-20,5143,5292,4933,5143,629475,3214000000,24952264
060370,2022-01-21,5073,5415,4950,5380,1088347,5659000000,24952264
060370,2022-01-24,5310,5617,4827,5003,2071339,10966000000,24952264
060370,2022-01-25,4968,5064,4643,4722,643406,3090000000,24952264
060370,2022-01-26,4704,4906,4599,4599,235572,1120000000,24952264
060370,2022-01-27,4564,4652,4340,4344,349602,1550000000,24952264
060370,2022-01-28,4349,4775,4208,4643,409313,1843000000,24952264
060370,2022-02-03,4678,4810,4573,4766,322418,1509000000,24952264
060370,2022-02-04,4731,4871,4669,4810,217723,1041000000,24952264
060370,2022-02-07,4810,5442,4748,4862,1726525,8790000000,24952264
060370,2022-02-08,4880,5003,4739,4757,240476,1170000000,24952264
060370,2022-02-09,4862,4924,4792,4792,178371,867000000,24952264
060370,2022-02-10,4810,5012,4810,4933,314954,1553000000,24952264
060370,2022-02-11,4836,4941,4652,4678,266508,1266000000,24952264
060370,2022-02-14,4538,4608,4406,4423,329928,1474000000,24952264
060370,2022-02-15,4459,4511,4323,4340,182090,798000000,24952264
060370,2022-02-16,4423,4564,4423,4520,130838,586000000,24952264
060370,2022-02-17,4520,4669,4432,4581,189286,867000000,24952264
060370,2022-02-18,4538,4713,4520,4660,111169,515000000,24952264
060370,2022-02-21,4538,4731,4538,4660,66246,307000000,24952264
060370,2022-02-22,4502,4669,4502,4529,117438,533000000,24952264
060370,2022-02-23,4581,4625,4459,4529,81615,371000000,24952264
060370,2022-02-24,4467,4555,4309,4309,183991,809000000,24952264
060370,2022-02-25,4349,4520,4314,4380,99794,438000000,24952264
060370,2022-02-28,4358,4502,4358,4423,74205,330000000,24952264
060370,2022-03-02,4476,4801,4423,4669,459928,2150000000,24952264
060370,2022-03-03,4660,4801,4625,4722,170545,806000000,24952264
060370,2022-03-04,4722,5003,4660,4713,222453,1070000000,24952264
060370,2022-03-07,4669,4713,4564,4599,111879,518000000,24952264
060370,2022-03-08,4485,4581,4476,4476,105565,476000000,24952264
060370,2022-03-10,4581,4775,4538,4678,155157,725000000,24952264
060370,2022-03-11,4704,5003,4696,5003,554552,2734000000,24952264
060370,2022-03-14,4994,5038,4880,4924,164376,811000000,24952264
060370,2022-03-15,4924,5012,4810,4976,140368,691000000,24952264
060370,2022-03-16,5029,5178,4889,5064,489226,2480000000,24952264
060370,2022-03-17,5196,5196,5012,5073,271000,1376000000,24952264
060370,2022-03-18,5091,5108,4906,4994,161263,804000000,24952264
060370,2022-03-21,4985,5082,4959,5038,147817,745000000,24952264
060370,2022-03-22,5003,5134,4959,5038,114464,575000000,24952264
060370,2022-03-23,5134,5222,5064,5222,431560,2228000000,24952264
060370,2022-03-24,5257,5301,5134,5257,267810,1400000000,24952264
060370,2022-03-25,5301,5301,5222,5222,163992,860000000,24952264
060370,2022-03-28,5266,5354,5099,5099,255499,1337000000,24952264
060370,2022-03-29,5152,5310,5152,5196,196524,1028000000,24952264
060370,2022-03-30,5196,5205,5029,5082,131787,672000000,24952264
060370,2022-03-31,5143,5205,5091,5196,98275,507000000,24952264
060370,2022-04-01,5108,5187,5064,5091,108894,557000000,24952264
060370,2022-04-04,5055,5134,5055,5099,54161,275000000,24952264
060370,2022-04-05,5126,5134,5055,5108,73318,372000000,24952264
060370,2022-04-06,5055,5117,4941,4985,103546,518000000,24952264
060370,2022-04-07,4968,4985,4792,4959,156711,762000000,24952264
060370,2022-04-08,4976,5020,4836,4871,86030,421000000,24952264
060370,2022-04-11,4871,5003,4871,4906,96822,477000000,24952264
060370,2022-04-12,4915,5336,4862,5152,1071789,5472000000,24952264
060370,2022-04-13,5055,5292,4915,4941,786298,4044000000,24952264
060370,2022-04-14,4959,5126,4959,5003,167951,844000000,24952264
060370,2022-04-15,4985,5099,4941,5064,118419,593000000,24952264
060370,2022-04-18,5134,5222,5047,5108,202357,1038000000,24952264
060370,2022-04-19,5082,5196,5082,5134,113884,583000000,24952264
060370,2022-04-20,5099,5134,5055,5064,85892,437000000,24952264
060370,2022-04-21,5055,5240,5047,5231,191118,987000000,24952264
060370,2022-04-22,5231,5257,5143,5205,136279,706000000,24952264
060370,2022-04-25,5161,5196,5064,5152,145749,747000000,24952264
060370,2022-04-26,5152,5494,5073,5319,1120239,5969000000,24952264
060370,2022-04-27,5178,5380,5134,5327,353039,1868000000,24952264
060370,2022-04-28,5503,5503,5222,5275,436053,2336000000,24952264
060370,2022-04-29,5301,5406,5257,5406,232306,1239000000,24952264
060370,2022-05-02,5275,5398,5249,5292,147189,780000000,24952264
060370,2022-05-03,5275,5327,5170,5170,181425,950000000,24952264
060370,2022-05-04,5178,5249,5143,5170,123993,643000000,24952264
060370,2022-05-06,5091,5170,5029,5082,109078,553000000,24952264
060370,2022-05-09,5003,5091,4889,4915,174579,865000000,24952264
060370,2022-05-10,4757,4924,4713,4924,114741,549000000,24952264
060370,2022-05-11,4915,5003,4906,4924,55722,275000000,24952264
060370,2022-05-12,4836,5178,4792,4827,189149,938000000,24952264
060370,2022-05-13,4827,4968,4827,4906,52195,256000000,24952264
060370,2022-05-16,4915,5161,4871,5029,132061,660000000,24952264
060370,2022-05-17,4968,5213,4968,5082,76327,390000000,24952264
060370,2022-05-18,5117,5249,5117,5117,135676,701000000,24952264
060370,2022-05-19,5073,5134,5003,5126,85145,430000000,24952264
060370,2022-05-20,5126,5178,5038,5047,65117,331000000,24952264
060370,2022-05-23,5047,5064,4915,4976,108708,540000000,24952264
060370,2022-05-24,4985,5117,4950,5029,140834,707000000,24952264
060370,2022-05-25,5029,5170,4985,5134,89481,455000000,24952264
060370,2022-05-26,5170,5213,5073,5108,85499,439000000,24952264
060370,2022-05-27,5170,5170,5003,5003,96760,487000000,24952264
060370,2022-05-30,5047,5398,5047,5161,893526,4690000000,24952264
060370,2022-05-31,5161,5240,5126,5187,103588,536000000,24952264
060370,2022-06-02,5187,5292,5178,5249,153369,803000000,24952264
060370,2022-06-03,5240,5371,5196,5345,218001,1153000000,24952264
060370,2022-06-07,5406,5433,5257,5266,164907,878000000,24952264
060370,2022-06-08,5266,5398,5266,5310,160793,860000000,24952264
060370,2022-06-09,5310,6319,5205,5643,7796809,46369000000,24952264
060370,2022-06-10,5591,5696,5485,5643,1381153,7742000000,24952264
060370,2022-06-13,5494,5503,5082,5082,857235,4493000000,24952264
060370,2022-06-14,4880,5266,4871,5222,509902,2609000000,24952264
060370,2022-06-15,5161,5485,5161,5222,596237,3163000000,24952264
060370,2022-06-16,5345,5389,5178,5178,235203,1238000000,24952264
060370,2022-06-17,4968,5336,4959,5301,324500,1680000000,24952264
060370,2022-06-20,5319,5336,4827,4889,435134,2187000000,24952264
060370,2022-06-21,4924,5073,4889,5020,194290,967000000,24952264
060370,2022-06-22,5055,5117,4555,4564,340042,1633000000,24952264
060370,2022-06-23,4564,4660,4143,4222,514320,2237000000,24952264
060370,2022-06-24,4222,4485,4222,4441,194339,849000000,24952264
060370,2022-06-27,4511,4818,4511,4775,170643,806000000,24952264
060370,2022-06-28,4810,4906,4757,4862,113475,548000000,24952264
060370,2022-06-29,4757,5477,4757,5108,2998556,15776000000,24952264
060370,2022-06-30,5047,5284,5047,5178,491753,2555000000,24952264
060370,2022-07-01,5170,5301,5108,5187,340345,1775000000,24952264
060370,2022-07-04,5196,5319,5117,5187,324327,1687000000,24952264
060370,2022-07-05,5231,5468,5205,5442,851676,4572000000,24952264
060370,2022-07-06,5442,5477,5292,5406,379496,2041000000,24952264
060370,2022-07-07,5406,5705,5336,5529,694941,3855000000,24952264
060370,2022-07-08,5679,5793,5556,5661,707339,4012000000,24952264
060370,2022-07-11,5749,5924,5626,5837,729143,4239000000,24952264
060370,2022-07-12,5837,6231,5705,5801,1561495,9354000000,24952264
060370,2022-07-13,5880,5889,5363,5600,566794,3200000000,24952264
060370,2022-07-14,5521,5784,5485,5564,605093,3411000000,24952264
060370,2022-07-15,5547,5643,5503,5564,286895,1599000000,24952264
060370,2022-07-18,5582,5749,5564,5591,167735,940000000,24952264
060370,2022-07-19,5591,5643,5556,5573,147638,824000000,24952264
060370,2022-07-20,5626,5626,5503,5600,141605,786000000,24952264
060370,2022-07-21,5547,5608,5494,5512,121998,675000000,24952264
060370,2022-07-22,5547,5679,5494,5512,178142,990000000,24952264
060370,2022-07-25,5512,5749,5485,5617,246114,1377000000,24952264
060370,2022-07-26,5564,5635,5521,5591,160364,893000000,24952264
060370,2022-07-27,5643,5643,5512,5521,97506,540000000,24952264
060370,2022-07-28,5521,5573,5485,5556,94883,523000000,24952264
060370,2022-07-29,5626,5793,5556,5705,449456,2552000000,24952264
060370,2022-08-01,6460,6600,5907,6012,3076632,18880000000,24952264
060370,2022-08-02,5977,6117,5758,5801,716276,4213000000,24952264
060370,2022-08-03,5819,6109,5793,6065,1061712,6373000000,24952264
060370,2022-08-04,6074,6091,5854,5872,440409,2623000000,24952264
060370,2022-08-05,5968,6126,5854,5880,730822,4371000000,24952264
060370,2022-08-08,5845,5863,5731,5828,193269,1120000000,24952264
060370,2022-08-09,5872,5872,5740,5775,144970,839000000,24952264
060370,2022-08-10,5775,6003,5740,5749,417600,2450000000,24952264
060370,2022-08-11,5924,6468,5889,5942,4379943,27138000000,24952264
060370,2022-08-12,5845,6030,5845,5880,417208,2467000000,24952264
060370,2022-08-16,5942,6205,5889,6056,1173718,7177000000,24952264
060370,2022-08-17,6100,6144,5959,6074,269364,1625000000,24952264
060370,2022-08-18,6047,6047,5837,5837,310533,1836000000,24952264
060370,2022-08-19,5951,6056,5889,6047,322236,1928000000,24952264
060370,2022-08-22,5942,6003,5837,5880,231872,1364000000,24952264
060370,2022-08-23,5766,6056,5749,5845,353269,2060000000,24952264
060370,2022-08-24,5942,6275,5845,6021,2014129,12268000000,24952264
060370,2022-08-25,5968,6074,5959,6003,195991,1177000000,24952264
060370,2022-08-26,6030,6188,5968,6038,555983,3396000000,24952264
060370,2022-08-29,5793,5942,5722,5801,313283,1824000000,24952264
060370,2022-08-30,5801,5924,5793,5889,184614,1078000000,24952264
060370,2022-08-31,5880,5907,5758,5863,142313,830000000,24952264
060370,2022-09-01,5863,5880,5749,5749,207680,1200000000,24952264
060370,2022-09-02,5801,5828,5731,5793,113310,654000000,24952264
060370,2022-09-05,5722,5793,5608,5626,160102,909000000,24952264
060370,2022-09-06,5626,5714,5573,5617,57688,324000000,24952264
060370,2022-09-07,5564,5766,5503,5521,155005,858000000,24952264
060370,2022-09-08,5591,5591,5503,5547,59239,328000000,24952264
060370,2022-09-13,5617,5819,5556,5608,147584,830000000,24952264
060370,2022-09-14,5477,5705,5477,5705,81957,458000000,24952264
060370,2022-09-15,5696,5810,5600,5626,126888,724000000,24952264
060370,2022-09-16,5538,5661,5503,5547,145638,812000000,24952264
060370,2022-09-19,5573,5652,5485,5547,215570,1199000000,24952264
060370,2022-09-20,5538,5907,5494,5564,565649,3197000000,24952264
060370,2022-09-21,5512,5608,5485,5521,167491,924000000,24952264
060370,2022-09-22,5485,5784,5468,5529,881058,4968000000,24952264
060370,2022-09-23,5600,5714,5503,5503,564993,3155000000,24952264
060370,2022-09-26,5547,5591,5442,5573,413756,2272000000,24952264
060370,2022-09-27,5521,5591,5442,5503,182713,1000000000,24952264
060370,2022-09-28,5450,5521,5433,5485,493052,2761000000,24952264
060370,2022-09-29,5670,5705,5512,5556,564636,3160000000,24952264
060370,2022-09-30,5477,5749,5477,5529,658564,3699000000,24952264
060370,2022-10-04,5547,5643,5538,5564,434504,2426000000,24952264
060370,2022-10-05,5556,5600,5450,5512,394929,2174000000,24952264
060370,2022-10-06,5494,5582,5485,5529,222485,1231000000,24952264
060370,2022-10-07,5512,5573,5468,5538,186969,1029000000,24952264
060370,2022-10-11,5898,6442,5442,5442,2949226,17150000000,24952264
060370,2022-10-12,5442,5459,4494,5038,878391,4370000000,24952264
060370,2022-10-13,4950,5108,4783,4792,170780,838000000,24952264
060370,2022-10-14,4862,5091,4862,4976,124763,623000000,24952264
060370,2022-10-17,4871,4950,4757,4933,127893,622000000,24952264
060370,2022-10-18,4950,5152,4933,5047,135787,684000000,24952264
060370,2022-10-19,5047,5257,5003,5134,211752,1092000000,24952264
060370,2022-10-20,5152,5266,5012,5126,102043,522000000,24952264
060370,2022-10-21,5126,5178,4959,5099,73553,373000000,24952264
060370,2022-10-24,5222,5222,5091,5152,64702,333000000,24952264
060370,2022-10-25,5152,5161,4976,4994,111181,559000000,24952264
060370,2022-10-26,4915,5020,4801,4810,98298,478000000,24952264
060370,2022-10-27,4810,4915,4731,4757,108348,521000000,24952264
060370,2022-10-28,4713,4933,4713,4722,165223,798000000,24952264
060370,2022-10-31,4757,4915,4739,4783,87169,417000000,24952264
060370,2022-11-01,4722,4897,4722,4845,77128,372000000,24952264
060370,2022-11-02,4783,4854,4731,4766,86495,411000000,24952264
060370,2022-11-03,4739,5134,4652,4775,390547,1890000000,24952264
060370,2022-11-04,4845,5222,4810,5020,936620,4741000000,24952264
060370,2022-11-07,5038,5073,4915,4941,157423,782000000,24952264
060370,2022-11-08,4950,5038,4915,4950,110966,549000000,24952264
060370,2022-11-09,4968,5003,4854,4880,131129,645000000,24952264
060370,2022-11-10,4845,4994,4836,4959,94884,467000000,24952264
060370,2022-11-11,5047,5047,4959,5003,140910,704000000,24952264
060370,2022-11-14,5003,5038,4950,4994,74999,374000000,24952264
060370,2022-11-15,4933,5126,4933,5126,142799,722000000,24952264
060370,2022-11-16,5099,5143,5038,5091,79220,402000000,24952264
060370,2022-11-17,5117,5117,4985,5064,62724,316000000,24952264
060370,2022-11-18,5099,5327,5055,5240,559920,2939000000,24952264
060370,2022-11-21,5240,5240,5047,5073,144587,737000000,24952264
060370,2022-11-22,5012,5249,4959,5187,185725,945000000,24952264
060370,2022-11-23,5213,5266,5161,5240,148059,772000000,24952264
060370,2022-11-24,5205,5266,5196,5257,127314,665000000,24952264
060370,2022-11-25,5257,5284,5117,5126,131717,683000000,24952264
060370,2022-11-28,5196,5196,4985,5012,100056,502000000,24952264
060370,2022-11-29,4950,5038,4950,5029,63588,317000000,24952264
060370,2022-11-30,4933,5424,4933,5029,792949,4143000000,24952264
060370,2022-12-01,5029,5143,5020,5143,188150,956000000,24952264
060370,2022-12-02,5187,5196,5003,5082,107973,547000000,24952264
060370,2022-12-05,5073,5091,4994,5038,58699,295000000,24952264
060370,2022-12-06,4985,4985,4854,4880,74971,368000000,24952264
060370,2022-12-07,4810,4871,4704,4801,88423,422000000,24952264
060370,2022-12-08,4766,4801,4643,4775,106114,499000000,24952264
060370,2022-12-09,4731,5047,4696,4915,184703,901000000,24952264
060370,2022-12-12,5020,5178,4854,4854,365164,1817000000,24952264
060370,2022-12-13,4836,4880,4792,4818,74505,359000000,24952264
060370,2022-12-14,4810,4845,4810,4836,33277,160000000,24952264
060370,2022-12-15,4827,4845,4775,4775,40800,195000000,24952264
060370,2022-12-16,4748,4783,4713,4766,31248,148000000,29553316
060370,2022-12-19,4669,4739,4669,4704,48689,228000000,29553316
060370,2022-12-20,4678,4713,4643,4660,59526,277000000,29553316
060370,2022-12-21,4678,4696,4625,4669,35573,165000000,29553316
060370,2022-12-22,4678,4775,4669,4669,36052,169000000,29553316
060370,2022-12-23,4634,4669,4476,4538,111175,504000000,29553316
060370,2022-12-26,4546,4555,4375,4397,97073,430000000,29553316
060370,2022-12-27,4406,4485,4388,4450,62192,275000000,29553316
060370,2022-12-28,4423,4450,4371,4450,52693,231000000,29553316
060370,2022-12-29,4450,4450,4143,4336,72019,311000000,29553316
060370,2023-01-02,4340,4366,4309,4314,45809,198000000,29553316
060370,2023-01-03,4305,4375,4160,4230,122483,520000000,29553316
060370,2023-01-04,4182,4331,4182,4314,27273,116000000,29553316
060370,2023-01-05,4318,4388,4318,4366,50258,219000000,29553316
060370,2023-01-06,4366,4511,4336,4494,59676,264000000,29553316
060370,2023-01-09,4520,4608,4520,4573,24585,112000000,29553316
060370,2023-01-10,4581,4625,4555,4573,42989,197000000,29553316
060370,2023-01-11,4564,4660,4564,4643,49755,229000000,29553316
060370,2023-01-12,4669,5134,4660,4660,816748,3972000000,29553316
060370,2023-01-13,4660,4757,4660,4757,54260,256000000,29553316
060370,2023-01-16,4757,4766,4678,4704,37026,174000000,29553316
060370,2023-01-17,4704,4713,4617,4652,24160,112000000,29553316
060370,2023-01-18,4643,4854,4625,4704,94474,444000000,29553316
060370,2023-01-19,4704,4722,4652,4713,43656,204000000,29553316
060370,2023-01-20,4739,4801,4704,4739,50042,237000000,29553316
060370,2023-01-25,4739,4810,4713,4783,37927,180000000,29553316
060370,2023-01-26,4818,4985,4810,4880,169846,827000000,29553316
060370,2023-01-27,4880,4941,4766,4783,147106,710000000,29553316
060370,2023-01-30,4818,5073,4792,4968,123345,604000000,29553316
060370,2023-01-31,4968,5047,4906,5012,94692,471000000,29553316
060370,2023-02-01,5012,5073,4941,4994,86317,431000000,29553316
060370,2023-02-02,5064,5108,4968,5020,126640,636000000,29553316
060370,2023-02-03,5029,5029,4950,4994,60790,303000000,29553316
060370,2023-02-06,4976,5240,4915,4959,286211,1444000000,29553316
060370,2023-02-07,5073,5073,4915,4959,102769,511000000,29553316
060370,2023-02-08,4968,5108,4968,5003,111597,560000000,29553316
060370,2023-02-09,5020,5047,4924,4959,74819,372000000,29553316
060370,2023-02-10,4976,4976,4871,4880,81662,401000000,29553316
060370,2023-02-13,4880,4933,4818,4871,51687,251000000,29553316
060370,2023-02-14,4889,4968,4880,4889,57338,281000000,29553316
060370,2023-02-15,4897,4915,4739,4783,79104,379000000,29553316
060370,2023-02-16,4801,4871,4783,4854,31990,154000000,29553316
060370,2023-02-17,4854,4976,4827,4941,95522,469000000,29553316
060370,2023-02-20,4933,5161,4906,5161,244531,1244000000,29553316
060370,2023-02-21,5117,5240,5082,5117,140187,721000000,29553316
060370,2023-02-22,5117,5152,5064,5108,66352,339000000,29553316
060370,2023-02-23,5091,5134,5038,5117,56445,287000000,29553316
060370,2023-02-24,5099,5134,5055,5099,58660,298000000,29553316
060370,2023-02-27,5108,5170,5038,5108,44437,227000000,29553316
060370,2023-02-28,5108,5266,5108,5257,164988,859000000,29553316
060370,2023-03-02,5257,5345,5249,5336,106051,562000000,29553316
060370,2023-03-03,5336,5371,5266,5292,98061,522000000,29553316
060370,2023-03-06,5345,5345,5231,5327,64930,343000000,29553316
060370,2023-03-07,5301,5319,5240,5301,56281,297000000,29553316
060370,2023-03-08,5301,5301,5161,5187,102156,533000000,29553316
060370,2023-03-09,5196,5327,5134,5196,58785,304000000,29553316
060370,2023-03-10,5319,5775,5003,5170,1981932,10749000000,29553316
060370,2023-03-13,5091,5512,5082,5468,657257,3536000000,29553316
060370,2023-03-14,5363,5608,5292,5398,247583,1341000000,29553316
060370,2023-03-15,5459,5749,5450,5705,576090,3255000000,29553316
060370,2023-03-16,5670,5749,5485,5573,361271,2024000000,29553316
060370,2023-03-17,5643,5670,5415,5547,220812,1219000000,29553316
060370,2023-03-20,5538,5810,5459,5758,362921,2062000000,29553316
060370,2023-03-21,5924,5977,5731,5977,569450,3347000000,29553316
060370,2023-03-22,6012,6144,5863,5959,662522,3981000000,29553316
060370,2023-03-23,5880,6056,5880,5916,217178,1291000000,29553316
060370,2023-03-24,5933,6065,5810,5880,313869,1872000000,29553316
060370,2023-03-27,5863,6038,5793,5907,166456,982000000,29553316
060370,2023-03-28,5854,6091,5837,6091,297380,1783000000,29553316
060370,2023-03-29,6047,6179,6047,6056,241951,1480000000,29553316
060370,2023-03-30,6082,6153,5924,6021,220601,1322000000,29553316
060370,2023-03-31,6021,6091,5837,6012,277142,1643000000,29553316
060370,2023-04-03,6012,6275,5538,5564,809788,4670000000,29553316
060370,2023-04-04,5670,5916,5582,5626,602387,3463000000,29553316
060370,2023-04-05,5626,5661,5406,5529,270034,1484000000,29553316
060370,2023-04-06,5591,5626,5406,5485,163637,896000000,29553316
060370,2023-04-07,5485,5617,5433,5521,156659,862000000,29553316
060370,2023-04-10,5521,5600,5415,5494,130952,717000000,29553316
060370,2023-04-11,5573,5617,5424,5617,150589,829000000,29553316
060370,2023-04-12,5617,5626,5494,5564,97469,540000000,29553316
060370,2023-04-13,5608,5626,5442,5600,132600,737000000,29553316
060370,2023-04-14,5600,5722,5564,5635,179889,1018000000,29553316
060370,2023-04-17,5635,5968,5600,5968,507183,2953000000,29553316
060370,2023-04-18,5872,5924,5696,5705,435350,2522000000,29553316
060370,2023-04-19,5740,5889,5617,5872,164334,955000000,29553316
060370,2023-04-20,5916,5933,5714,5801,129559,749000000,29553316
060370,2023-04-21,5749,5801,5573,5731,160283,906000000,29553316
060370,2023-04-24,5758,5793,5573,5643,124144,701000000,29553316
060370,2023-04-25,5643,5670,5485,5600,116684,647000000,29553316
060370,2023-04-26,5617,5679,5503,5564,59949,336000000,29553316
060370,2023-04-27,5512,5907,5512,5722,247593,1410000000,29553316
060370,2023-04-28,5749,5793,5617,5705,103893,592000000,29553316
060370,2023-05-02,5687,5916,5679,5916,252740,1478000000,29553316
060370,2023-05-03,5863,6065,5863,5951,144744,864000000,29553316
060370,2023-05-04,5916,6030,5872,6012,105528,629000000,29553316
060370,2023-05-08,6003,6293,5986,6188,581016,3588000000,29553316
060370,2023-05-09,6188,6188,5968,6117,192396,1168000000,29553316
060370,2023-05-10,6117,6258,6038,6109,140178,860000000,29553316
060370,2023-05-11,6065,6144,5968,6056,95293,578000000,29553316
060370,2023-05-12,6091,6117,5968,6117,97303,587000000,29553316
060370,2023-05-15,6223,6223,6056,6144,109616,672000000,29553316
060370,2023-05-16,6170,6170,5951,6038,220746,1333000000,29553316
060370,2023-05-17,6038,6056,5951,5968,73177,438000000,29553316
060370,2023-05-18,6012,6109,5968,6109,129585,782000000,29553316
060370,2023-05-19,6109,6196,6038,6100,150366,922000000,29553316
060370,2023-05-22,6065,6214,6065,6126,130114,802000000,29553316
060370,2023-05-23,6100,6258,6100,6231,193377,1201000000,29553316
060370,2023-05-24,6205,6328,6153,6258,113159,710000000,29553316
060370,2023-05-25,6258,6346,6153,6223,114520,714000000,29553316
060370,2023-05-26,6223,6433,6179,6407,333485,2112000000,29553316
060370,2023-05-30,6433,6442,6240,6337,167945,1061000000,29553316
060370,2023-05-31,6337,6389,6205,6223,94181,590000000,29553316
060370,2023-06-01,6275,6398,6223,6275,110304,694000000,29553316
060370,2023-06-02,6310,6354,6231,6302,104301,655000000,29553316
060370,2023-06-05,6337,6381,6214,6240,117421,735000000,29553316
060370,2023-06-07,6231,6310,6153,6267,167533,1043000000,29553316
060370,2023-06-08,6275,6354,6196,6275,69326,435000000,29553316
060370,2023-06-09,6275,6714,6267,6714,533325,3491000000,29553316
060370,2023-06-12,6714,7030,6626,6890,600943,4123000000,29553316
060370,2023-06-13,6802,7083,6705,6890,381718,2640000000,29553316
060370,2023-06-14,6986,7004,6705,6776,239023,1629000000,29553316
060370,2023-06-15,6855,7039,6723,6802,279485,1924000000,29553316
060370,2023-06-16,6890,6960,6749,6934,169228,1164000000,29553316
060370,2023-06-19,6899,7092,6828,7021,233113,1632000000,29553316
060370,2023-06-20,7048,7127,6942,6951,216846,1526000000,29553316
060370,2023-06-21,7013,7065,6916,7030,159979,1121000000,29553316
060370,2023-06-22,7065,7100,6758,6811,197553,1368000000,29553316
060370,2023-06-23,6925,6925,6679,6749,123070,830000000,29553316
060370,2023-06-26,6679,6881,6670,6732,139769,944000000,29553316
060370,2023-06-27,6749,6881,6495,6749,239966,1597000000,29553316
060370,2023-06-28,6846,7065,6732,6828,306779,2118000000,29553316
060370,2023-06-29,6995,7276,6960,7214,644913,4620000000,29553316
060370,2023-06-30,7214,7214,6793,6960,500380,3468000000,29553316
060370,2023-07-03,6960,7004,6890,6942,158985,1103000000,29553316
060370,2023-07-04,7118,7293,6934,7109,524100,3732000000,29553316
060370,2023-07-05,7232,7232,7039,7109,254399,1816000000,29553316
060370,2023-07-06,7285,7408,7048,7109,468825,3364000000,29553316
060370,2023-07-07,7030,7092,6907,6951,240366,1673000000,29553316
060370,2023-07-10,6951,7083,6828,6881,166092,1154000000,29553316
060370,2023-07-11,6916,7136,6846,7074,234022,1637000000,29553316
060370,2023-07-12,7074,7408,7048,7329,463027,3360000000,29553316
060370,2023-07-13,7460,7460,7171,7267,247135,1799000000,29553316
060370,2023-07-14,7223,7320,7136,7232,209232,1507000000,29553316
060370,2023-07-17,7223,7293,6899,7276,422912,3015000000,29553316
060370,2023-07-18,7293,7311,7021,7223,379220,2737000000,29553316
060370,2023-07-19,7267,7434,7171,7293,270742,1982000000,29553316
060370,2023-07-20,7293,7416,7188,7399,193598,1419000000,29553316
060370,2023-07-21,7364,7399,7179,7364,252529,1845000000,29553316
060370,2023-07-24,7329,8592,7179,8250,3001372,24345000000,29553316
060370,2023-07-25,8417,10199,8268,9417,9575354,89658000000,29553316
060370,2023-07-26,9891,10199,8724,8821,3515170,32910000000,29553316
060370,2023-07-27,9128,10453,9040,9584,3677569,36283000000,29553316
060370,2023-07-28,10049,10418,9216,10146,2115057,20979000000,29553316
060370,2023-07-31,10681,12358,10304,11559,3912177,44962000000,29553316
060370,2023-08-01,11480,11989,11146,11568,1499439,17339000000,29553316
060370,2023-08-02,11471,13332,11234,11875,4760780,59220000000,29553316
060370,2023-08-03,11945,12173,10752,11164,1835740,20944000000,29553316
060370,2023-08-04,10883,11910,10637,11498,1104533,12689000000,29553316
060370,2023-08-07,11454,11629,10883,11164,539850,6023000000,29553316
060370,2023-08-08,11164,11498,10848,11410,559585,6255000000,29553316
060370,2023-08-09,11410,11577,10831,11155,576665,6395000000,29553316
060370,2023-08-10,10971,11559,10892,10936,566258,6326000000,29553316
060370,2023-08-11,11085,11462,10997,11225,390377,4389000000,29553316
060370,2023-08-14,11225,12103,11155,11884,1050099,12450000000,29553316
060370,2023-08-16,11936,12182,11304,11375,757571,8813000000,29553316
060370,2023-08-17,11392,11401,10163,10295,998387,10438000000,29553316
060370,2023-08-18,10190,10436,9681,10067,466091,4726000000,29553316
060370,2023-08-21,9848,10006,9558,9733,552483,5380000000,29553316
060370,2023-08-22,9654,9874,9496,9646,299459,2899000000,29553316
060370,2023-08-23,9628,9865,9532,9707,252758,2446000000,29553316
060370,2023-08-24,9874,9891,9567,9751,240432,2334000000,29553316
060370,2023-08-25,9654,10023,9646,9646,465324,4559000000,29553316
060370,2023-08-28,9742,10330,9742,10260,453076,4583000000,29553316
060370,2023-08-29,10199,10471,9979,10392,349478,3584000000,29553316
060370,2023-08-30,10637,10716,10357,10532,410578,4327000000,29553316
060370,2023-08-31,10532,10708,10365,10558,259168,2729000000,29553316
060370,2023-09-01,10708,10708,10093,10146,285873,2943000000,29553316
060370,2023-09-04,10146,10383,10014,10278,169276,1735000000,29553316
060370,2023-09-05,10278,10330,9962,10304,186593,1888000000,29553316
060370,2023-09-06,10304,10304,9777,9962,277054,2755000000,29553316
060370,2023-09-07,9777,9979,9777,9900,159913,1575000000,29553316
060370,2023-09-08,9927,10093,9804,10041,145235,1448000000,29553316
060370,2023-09-11,10093,10400,9927,10225,240552,2442000000,29553316
060370,2023-09-12,10225,10286,9549,9611,320188,3135000000,29553316
060370,2023-09-13,9769,9769,9259,9479,168922,1590000000,29553316
060370,2023-09-14,9417,9716,9409,9558,91562,872000000,29553316
060370,2023-09-15,9567,9698,9338,9382,135899,1289000000,29553316
060370,2023-09-18,9347,9698,9295,9444,157238,1483000000,29553316
060370,2023-09-19,9453,9786,9295,9470,135743,1285000000,29553316
060370,2023-09-20,9470,9523,9338,9400,121245,1143000000,29553316
060370,2023-09-21,9303,9365,9101,9251,115028,1060000000,29553316
060370,2023-09-22,9058,9286,9014,9145,100743,918000000,29553316
060370,2023-09-25,9145,9172,8821,8944,124853,1117000000,29553316
060370,2023-09-26,8970,9172,8750,8838,189132,1678000000,29553316
060370,2023-09-27,8777,9172,8777,9084,86305,772000000,29553316
060370,2023-10-04,9154,9154,8812,8812,160362,1423000000,29553316
060370,2023-10-05,8900,8970,8645,8698,181312,1593000000,29553316
060370,2023-10-06,8645,8786,8566,8619,196189,1699000000,29553316
060370,2023-10-10,8557,8698,8294,8373,171337,1455000000,29553316
060370,2023-10-11,8540,8619,8303,8540,108185,920000000,29553316
060370,2023-10-12,8461,8698,8461,8628,97082,836000000,29553316
060370,2023-10-13,8628,10067,8513,8908,2651033,24793000000,29553316
060370,2023-10-16,9189,9479,9040,9216,1886723,17449000000,29553316
060370,2023-10-17,9321,9698,9058,9488,893247,8416000000,29553316
060370,2023-10-18,9488,9488,9005,9058,378749,3465000000,29553316
060370,2023-10-19,9128,9409,8557,8689,411407,3664000000,29553316
060370,2023-10-20,8557,8715,8373,8575,221551,1885000000,29553316
060370,2023-10-23,8645,8996,8557,8619,169046,1479000000,29553316
060370,2023-10-24,8645,9286,8645,9286,348894,3148000000,29553316
060370,2023-10-25,9303,9303,8847,8996,256844,2321000000,29553316
060370,2023-10-26,8777,9259,8645,8952,308999,2794000000,29553316
060370,2023-10-27,8987,9084,8610,8680,193408,1692000000,29553316
060370,2023-10-30,8671,9154,8540,9066,169849,1514000000,29553316
060370,2023-10-31,9172,9180,8698,8742,140212,1242000000,29553316
060370,2023-11-01,8786,9093,8786,8865,123748,1108000000,29553316
060370,2023-11-02,8944,9119,8926,9093,110071,998000000,29553316
060370,2023-11-03,9093,9286,8961,9198,173345,1586000000,29553316
060370,2023-11-06,9303,9303,9093,9137,230181,2111000000,29553316
060370,2023-11-07,9137,9216,8777,8944,172771,1548000000,29553316
060370,2023-11-08,8996,9023,8759,8865,129209,1144000000,29553316
060370,2023-11-09,8926,9180,8689,9084,194787,1751000000,29553316
060370,2023-11-10,9040,9040,8698,8759,163415,1437000000,29553316
060370,2023-11-13,8786,9145,8759,8847,197510,1760000000,29553316
060370,2023-11-14,8900,9084,8838,9023,82445,741000000,29553316
060370,2023-11-15,9084,9382,9040,9277,237898,2202000000,29553316
060370,2023-11-16,9154,9356,9023,9031,142041,1292000000,29553316
060370,2023-11-17,8987,9005,8865,8900,84139,748000000,29553316
060370,2023-11-20,8829,9084,8829,9066,44565,401000000,29553316
060370,2023-11-21,9084,9093,8891,8900,74643,667000000,29553316
060370,2023-11-22,8944,9540,8873,9470,321791,3001000000,29553316
060370,2023-11-23,9611,9795,9409,9698,299430,2882000000,29553316
060370,2023-11-24,9654,9962,9567,9874,242346,2382000000,29553316
060370,2023-11-27,9918,10023,9654,9856,171815,1687000000,29553316
060370,2023-11-28,9944,9970,9611,9725,197089,1926000000,29553316
060370,2023-11-29,9409,9593,9233,9479,258195,2429000000,29553316
060370,2023-11-30,9584,10049,9505,9874,363287,3572000000,29553316
060370,2023-12-01,9874,10014,9593,9742,160204,1556000000,29553316
060370,2023-12-04,9944,9997,9690,9865,216789,2136000000,29553316
060370,2023-12-05,9760,9804,9137,9207,242925,2291000000,29553316
060370,2023-12-06,9356,9417,9084,9242,129650,1197000000,29553316
060370,2023-12-07,9242,9716,9189,9558,226239,2149000000,29553316
060370,2023-12-08,9549,9549,9224,9268,139253,1296000000,29553316
060370,2023-12-11,9321,9496,9014,9312,146199,1361000000,29553316
060370,2023-12-12,9312,11392,9224,10629,2661362,27865000000,29553316
060370,2023-12-13,10576,11313,10032,10049,1967672,21099000000,29553316
060370,2023-12-14,10163,10269,9865,10146,309511,3104000000,29553316
060370,2023-12-15,10216,10304,9769,9804,269004,2683000000,29553316
060370,2023-12-18,9769,10251,9733,9962,370774,3729000000,29553316
060370,2023-12-19,9953,9953,9725,9830,126162,1240000000,29553316
060370,2023-12-20,10163,10251,9795,10006,282696,2844000000,29553316
060370,2023-12-21,9874,10427,9874,9988,410405,4163000000,29553316
060370,2023-12-22,10023,10181,9725,9733,229927,2273000000,29553316
060370,2023-12-26,9742,9804,9409,9514,164231,1563000000,29553316
060370,2023-12-27,9435,9628,9435,9575,85082,812000000,29553316
060370,2023-12-28,9488,9619,9417,9593,145669,1383000000,29553316
060370,2024-01-02,9663,9672,9435,9488,121837,1158000000,29553316
060370,2024-01-03,9400,9400,8821,8882,330746,2994000000,29553316
060370,2024-01-04,8900,8935,8645,8882,272759,2391000000,29553316
060370,2024-01-05,8865,8908,8689,8733,168431,1476000000,29553316
060370,2024-01-08,8733,8733,8513,8654,155612,1337000000,29553316
060370,2024-01-09,8689,8724,8619,8689,85451,740000000,29553316
060370,2024-01-10,8689,8689,8557,8671,75605,652000000,29553316
060370,2024-01-11,8671,9014,8636,9014,197905,1762000000,29553316
060370,2024-01-12,8970,8987,8733,8786,118029,1038000000,29553316
060370,2024-01-15,8786,8821,8619,8671,111746,970000000,29553316
060370,2024-01-16,8759,8759,8575,8724,64174,556000000,29553316
060370,2024-01-17,8750,8759,8452,8645,119304,1022000000,29553316
060370,2024-01-18,8707,8777,8592,8636,81867,712000000,29553316
060370,2024-01-19,8636,8952,8636,8777,138535,1217000000,29553316
060370,2024-01-22,8821,8821,8619,8645,78980,686000000,29553316
060370,2024-01-23,8654,8803,8557,8689,100117,868000000,29553316
060370,2024-01-24,8786,8882,8645,8663,127495,1112000000,29553316
060370,2024-01-25,8698,8952,8654,8873,167193,1476000000,29553316
060370,2024-01-26,8944,9084,8873,8979,117848,1056000000,29553316
060370,2024-01-29,9040,9233,8987,9031,211927,1931000000,29553316
060370,2024-01-30,9189,9224,8865,8935,96200,868000000,29553316
060370,2024-01-31,8908,9058,8829,8952,73608,655000000,29553316
060370,2024-02-01,8952,9172,8908,8926,139476,1256000000,29553316
060370,2024-02-02,8926,9031,8865,8926,147497,1315000000,29553316
060370,2024-02-05,8952,9093,8777,8812,160366,1428000000,29553316
060370,2024-02-06,8777,8794,8566,8759,132967,1156000000,29553316
060370,2024-02-07,8698,8812,8671,8750,107696,939000000,29553316
060370,2024-02-08,8777,8891,8733,8794,85994,757000000,29553316
060370,2024-02-13,8821,9023,8812,8996,107041,957000000,29553316
060370,2024-02-14,8970,8970,8768,8803,132112,1164000000,29553316
060370,2024-02-15,8812,8865,8759,8803,92241,810000000,29553316
060370,2024-02-16,8803,8961,8759,8908,114959,1018000000,29553316
060370,2024-02-19,8908,8917,8733,8750,116749,1024000000,29553316
060370,2024-02-20,8750,8768,8575,8601,177010,1530000000,29553316
060370,2024-02-21,8601,8636,8513,8531,91016,779000000,29553316
060370,2024-02-22,8470,8663,8470,8522,123433,1056000000,29553316
060370,2024-02-23,8522,8540,8224,8250,207338,1732000000,29553316
060370,2024-02-26,8294,8329,8162,8180,105186,863000000,29553316
060370,2024-02-27,8197,8197,7803,7899,242626,1931000000,29553316
060370,2024-02-28,7899,7969,7864,7882,77372,611000000,29553316
060370,2024-02-29,7890,7943,7776,7846,67205,525000000,29553316
060370,2024-03-04,7855,7908,7811,7890,48652,383000000,29553316
060370,2024-03-05,7934,8162,7908,7952,130978,1051000000,29553316
060370,2024-03-06,7952,8057,7855,7987,52914,421000000,29553316
060370,2024-03-07,8075,8154,7899,7925,86225,690000000,29553316
060370,2024-03-08,7943,8048,7688,7706,117399,915000000,29553316
060370,2024-03-11,7688,8162,7645,7978,165833,1317000000,29553316
060370,2024-03-12,7925,7987,7715,7803,152407,1188000000,29553316
060370,2024-03-13,7803,7890,7715,7864,46529,363000000,29553316
060370,2024-03-14,7864,8189,7855,8092,168836,1364000000,29553316
060370,2024-03-15,8092,8276,7996,8224,132714,1078000000,29553316
060370,2024-03-18,8250,8566,8119,8399,226289,1902000000,29553316
060370,2024-03-19,8557,8557,8276,8391,92006,772000000,29553316
060370,2024-03-20,8338,8575,8110,8285,101982,840000000,29553316
060370,2024-03-21,8320,8382,8233,8233,63964,529000000,29553316
060370,2024-03-22,8259,8417,8162,8276,84708,704000000,29553316
060370,2024-03-25,8303,8303,8154,8215,55100,452000000,29553316
060370,2024-03-26,8171,8294,8083,8119,44140,360000000,29553316
060370,2024-03-27,8101,8241,8031,8241,47650,388000000,29553316
060370,2024-03-28,8276,8364,8197,8233,66661,551000000,29553316
060370,2024-03-29,8233,8355,8162,8250,65868,543000000,29553316
060370,2024-04-01,8268,8759,8268,8636,234242,2005000000,29553316
060370,2024-04-02,8715,8715,8303,8338,99616,837000000,29553316
060370,2024-04-03,8259,8417,8162,8303,61390,506000000,29553316
060370,2024-04-04,8268,8478,8268,8426,76218,638000000,29553316
060370,2024-04-05,8355,9435,8355,9312,1441900,13125000000,29553316
060370,2024-04-08,9242,9400,9040,9312,422036,3899000000,29553316
060370,2024-04-09,9224,9602,8961,9005,450956,4181000000,29553316
060370,2024-04-11,8952,9233,8768,9110,369091,3334000000,29553316
060370,2024-04-12,9040,9523,8961,9128,575113,5334000000,29553316
060370,2024-04-15,9049,9119,8821,9093,174599,1557000000,29553316
060370,2024-04-16,9014,9259,8522,8566,325130,2826000000,29553316
060370,2024-04-17,8566,8733,8259,8259,188344,1586000000,29553316
060370,2024-04-18,8259,8821,8250,8768,221457,1919000000,29553316
060370,2024-04-19,8750,8750,8066,8610,350864,2952000000,29553316
060370,2024-04-22,8689,9865,8680,9198,1823672,17092000000,29553316
060370,2024-04-23,9347,9470,8970,9040,398543,3661000000,29553316
060370,2024-04-24,8777,9154,8522,9040,570842,5015000000,29553316
060370,2024-04-25,9014,9733,8882,9365,734639,6960000000,29553316
060370,2024-04-26,9444,10181,9321,9935,1027836,10060000000,29553316
060370,2024-04-29,9935,10523,9777,10269,1594071,16432000000,29553316
060370,2024-04-30,10313,10471,9900,9944,731493,7399000000,29553316
060370,2024-05-02,9935,10181,9760,9804,310616,3082000000,29553316
060370,2024-05-03,9918,9962,9575,9602,256562,2490000000,29553316
060370,2024-05-07,9769,10427,9681,10304,663070,6750000000,29553316
060370,2024-05-08,10207,10251,9830,9856,523372,5227000000,29553316
060370,2024-05-09,9856,10032,9812,10023,243837,2412000000,29553316
060370,2024-05-10,9970,10006,9786,9830,241316,2378000000,29553316
060370,2024-05-13,9786,11410,9593,10743,5538381,60155000000,29553316
060370,2024-05-14,10523,10708,10357,10488,723892,7586000000,29553316
060370,2024-05-16,10453,10690,10251,10585,662696,6922000000,29553316
060370,2024-05-17,10427,10523,10163,10225,414929,4276000000,29553316
060370,2024-05-20,10453,12279,10392,11664,13393477,156475000000,29553316
060370,2024-05-21,12814,13692,12024,12419,7381055,94548000000,29553316
060370,2024-05-22,12287,14306,12200,13148,9814909,131107000000,29553316
060370,2024-05-23,12726,13077,12287,12902,2021255,25597000000,29553316
060370,2024-05-24,12726,15860,12639,13911,14525475,209986000000,29553316
060370,2024-05-27,13911,13911,13481,13762,800189,10937000000,29553316
060370,2024-05-28,13788,14341,13788,14297,625481,8918000000,29553316
060370,2024-05-29,14482,14569,14324,14561,644421,9316000000,29553316
060370,2024-05-30,14174,14982,13841,14622,2872076,41440000000,29553316
060370,2024-05-31,14719,14815,13832,13973,957073,13508000000,29553316
060370,2024-06-03,14043,16474,13622,15561,11726118,180579000000,29553316
060370,2024-06-04,15561,18343,15228,16544,18434360,315846000000,29553316
060370,2024-06-05,17053,17202,14868,16061,5144704,82005000000,29553316
060370,2024-06-07,15728,17281,14964,14999,4192611,67958000000,29553316
060370,2024-06-10,14517,16237,14499,16158,2214361,34076000000,29553316
060370,2024-06-11,16026,16702,15579,15728,1269815,20300000000,29553316
060370,2024-06-12,15631,15930,14877,15368,1413601,21585000000,29553316
060370,2024-06-13,15368,16281,15272,15491,1290015,20360000000,29553316
060370,2024-06-14,15491,15772,14973,15280,776074,11874000000,29553316
060370,2024-06-17,15245,15912,14771,15710,965891,14955000000,29553316
060370,2024-06-18,15877,15886,14982,15359,818446,12547000000,29553316
060370,2024-06-19,15333,15447,14710,14710,689548,10341000000,29553316
060370,2024-06-20,14736,16193,14394,15754,2458109,38365000000,32707726
060370,2024-06-21,15754,15974,15438,15737,889723,13986000000,32707726
060370,2024-06-24,15824,16492,15149,15693,1368101,21630000000,32707726
060370,2024-06-25,15693,16219,15412,15491,967025,15343000000,32707726
060370,2024-06-26,15535,16211,15491,16070,786665,12496000000,32707726
060370,2024-06-27,16088,16158,15631,15921,534343,8488000000,32707726
060370,2024-06-28,15974,16255,15693,16114,627549,10025000000,32707726
060370,2024-07-01,15965,16193,15421,15667,695348,10926000000,32707726
060370,2024-07-02,15798,15842,15236,15675,507051,7872000000,32707726
060370,2024-07-03,15535,15798,15087,15430,407445,6268000000,32707726
060370,2024-07-04,15324,15430,14973,15008,354388,5348000000,32707726
060370,2024-07-05,14956,15228,14780,15131,400383,5998000000,32707726
060370,2024-07-08,15096,17518,15061,17290,5229401,88336000000,32707726
060370,2024-07-09,17115,17905,16641,17422,2350937,40650000000,32707726
060370,2024-07-10,17352,20538,17115,19923,9767242,190386000000,32707726
060370,2024-07-11,19835,21810,19748,21459,5283594,110622000000,32707726
060370,2024-07-12,20581,21108,19616,20099,1508555,30513000000,32707726
060370,2024-07-15,20274,21415,19923,20889,1077061,22424000000,32707726
060370,2024-07-16,21152,21240,20011,20625,871524,17930000000,32707726
060370,2024-07-17,20450,20625,19265,19879,1999955,39061000000,32707726
060370,2024-07-18,19177,19353,18256,18607,1181260,22053000000,32707726
060370,2024-07-19,18563,18826,18168,18563,414224,7679000000,32707726
060370,2024-07-22,18256,18782,17905,18256,405865,7374000000,32707726
060370,2024-07-23,18343,18519,17729,18124,692492,12561000000,32707726
060370,2024-07-24,18212,18738,17641,18343,874338,15958000000,32707726
060370,2024-07-25,17817,18168,17044,17044,620279,10767000000,32707726
060370,2024-07-26,16886,17905,16860,17396,453531,7921000000,32707726
060370,2024-07-29,17466,17861,16992,17641,451724,7879000000,32707726
060370,2024-07-30,17685,17773,17185,17729,282558,4926000000,32707726
060370,2024-07-31,17641,17861,17369,17729,302553,5325000000,32707726
060370,2024-08-01,18124,18256,17422,17641,328560,5844000000,32707726
060370,2024-08-02,17246,17457,16325,16325,281214,4691000000,32707726
060370,2024-08-05,15886,16114,13437,14464,653957,9895000000,32707726
060370,2024-08-06,14464,15421,14411,15096,601665,9060000000,32707726
060370,2024-08-07,15184,15324,14964,15140,243429,3691000000,32707726
060370,2024-08-08,14956,14956,13894,14745,633530,9116000000,32707726
060370,2024-08-09,15307,17773,15298,16527,1391650,23286000000,32707726
060370,2024-08-12,16913,17861,16623,17334,522081,9080000000,32707726
060370,2024-08-13,17334,18080,16948,17141,231968,3997000000,32707726
060370,2024-08-14,17387,17905,17159,17176,352365,6158000000,32707726
060370,2024-08-16,17554,17773,17176,17202,321265,5602000000,32707726
060370,2024-08-19,17202,18914,17036,18256,1858067,33601000000,32707726
060370,2024-08-20,18168,18431,17685,17861,342181,6187000000,32707726
060370,2024-08-21,18124,18431,16939,17457,1063146,17518000000,32707726
060370,2024-08-22,17597,17773,16807,17053,559991,9583000000,32707726
060370,2024-08-23,16720,16957,16413,16588,260783,4337000000,32707726
060370,2024-08-26,16474,16755,16000,16237,293573,4780000000,32707726
060370,2024-08-27,16105,16158,15631,15965,237694,3784000000,32707726
060370,2024-08-28,15965,15982,15359,15842,380746,5922000000,32707726
060370,2024-08-29,15342,15789,15219,15272,195285,3008000000,32707726
060370,2024-08-30,15289,15447,14885,15026,230933,3482000000,32707726
060370,2024-09-02,15035,15140,14517,14999,182036,2677000000,32707726
060370,2024-09-03,15008,15307,14920,15008,91613,1382000000,32707726
060370,2024-09-04,14131,15052,13990,15008,386344,5525000000,32707726
060370,2024-09-05,15052,15298,13823,15140,693863,10100000000,32707726
060370,2024-09-06,15096,15096,14447,14605,225088,3320000000,32707726
060370,2024-09-09,14306,14815,13973,14710,149480,2166000000,32707726
060370,2024-09-10,14578,14920,14482,14894,159875,2356000000,32707726
060370,2024-09-11,14894,14999,14701,14701,131900,1957000000,32707726
060370,2024-09-12,14841,15658,14841,15631,277870,4282000000,32707726
060370,2024-09-13,15842,15842,15473,15544,100686,1571000000,32707726
060370,2024-09-19,15544,16237,15394,15912,260987,4115000000,32707726
060370,2024-09-20,16149,16939,15886,16772,467320,7658000000,32707726
060370,2024-09-23,16676,16895,16465,16518,137516,2300000000,32707726
060370,2024-09-24,16518,16869,16518,16711,123644,2071000000,32707726
060370,2024-09-25,16781,17220,16342,16360,250603,4219000000,32707726
060370,2024-09-26,16421,17325,16369,17115,1072340,17172000000,32707726
060370,2024-09-27,17290,17290,16105,16167,481923,7946000000,32707726
060370,2024-09-30,15939,15965,15500,15500,182048,2858000000,32707726
060370,2024-10-02,14982,15263,14877,14877,207896,3116000000,32707726
060370,2024-10-04,15184,15359,14640,15228,252777,3804000000,32707726
060370,2024-10-07,15184,15359,14833,15175,161270,2431000000,32707726
060370,2024-10-08,15184,15245,15008,15131,98171,1483000000,32707726
060370,2024-10-10,15193,15193,14877,14929,123861,1853000000,32707726
060370,2024-10-11,14920,15263,14841,14912,122353,1837000000,32707726
060370,2024-10-14,14833,15851,14833,15535,331205,5112000000,32707726
060370,2024-10-15,15623,16632,15500,15728,605204,9658000000,32707726
060370,2024-10-16,15570,15570,15298,15359,164943,2539000000,32707726
060370,2024-10-17,15298,15974,15070,15096,269140,4162000000,32707726
060370,2024-10-18,15105,15403,14420,14490,229704,3358000000,32707726
060370,2024-10-21,14490,14859,14455,14754,88209,1292000000,32707726
060370,2024-10-22,14587,14701,14192,14218,130749,1881000000,32707726
060370,2024-10-23,14201,14324,13990,14174,112523,1588000000,32707726
060370,2024-10-24,13859,14157,13613,13736,134908,1862000000,32707726
060370,2024-10-25,13859,14016,13446,13446,128601,1752000000,32707726
060370,2024-10-28,13428,13744,13314,13420,110913,1502000000,32707726
060370,2024-10-29,13428,13464,13191,13420,137828,1830000000,32707726
060370,2024-10-30,13455,13455,13025,13104,137311,1810000000,32707726
060370,2024-10-31,13104,13104,12612,12797,123587,1574000000,32707726
060370,2024-11-01,12682,12814,12323,12814,132970,1665000000,32707726
060370,2024-11-04,12937,13183,12375,13183,136429,1748000000,32707726
060370,2024-11-05,13183,13341,12902,12954,107016,1403000000,37222004
060370,2024-11-06,12972,13622,12823,13121,295538,3905000000,37222004
060370,2024-11-07,13121,13121,11980,12577,268369,3388000000,37222004
060370,2024-11-08,12577,12972,12445,12498,235555,2986000000,37222004
060370,2024-11-11,12603,12700,12129,12208,205661,2538000000,37222004
060370,2024-11-12,12261,12279,11541,11638,239311,2804000000,37222004
060370,2024-11-13,11348,11638,10953,11111,314815,3511000000,37222004
060370,2024-11-14,11120,11462,10953,10953,164314,1841000000,37222004
060370,2024-11-15,10945,11173,10479,10515,216836,2308000000,37222004
060370,2024-11-18,10532,10743,10102,10137,238229,2462000000,37222004
060370,2024-11-19,10234,10585,10014,10436,319682,3267000000,37222004
060370,2024-11-20,10488,10971,10225,10304,315003,3297000000,37222004
060370,2024-11-21,10190,10488,9918,10348,149055,1524000000,37222004
060370,2024-11-22,10295,10585,10242,10295,204678,2124000000,37222004
060370,2024-11-25,10436,13376,10014,12472,5260850,66133000000,37222004
060370,2024-11-26,12472,14069,12156,12577,6686916,88332000000,37222004
060370,2024-11-27,12445,12788,12217,12419,985917,12320000000,37222004
060370,2024-11-28,12358,12524,11998,12165,587980,7192000000,37222004
060370,2024-11-29,12077,12858,11559,11849,1909610,23549000000,37222004
060370,2024-12-02,12560,13718,11901,12542,5466487,70969000000,37222004
060370,2024-12-03,12709,13604,12586,12954,2375474,31213000000,37222004
060370,2024-12-04,12621,12849,12191,12419,564597,7079000000,37222004
060370,2024-12-05,12498,12700,12033,12200,403067,4993000000,37222004
060370,2024-12-06,11989,12103,11103,11515,566366,6515000000,37222004
060370,2024-12-09,10910,13428,10831,11585,5417853,67986000000,37222004
060370,2024-12-10,11234,12042,11234,11919,923444,10925000000,37222004
060370,2024-12-11,11866,13253,11682,12621,2752965,34871000000,37222004
060370,2024-12-12,12753,12753,12287,12489,506573,6336000000,37222004
060370,2024-12-13,12489,12893,12305,12893,485498,6123000000,37222004
060370,2024-12-16,12954,13472,12779,13077,927937,12198000000,37222004
060370,2024-12-17,13165,13341,12814,12954,508032,6653000000,37222004
060370,2024-12-18,12893,13060,12691,12735,291742,3741000000,37222004
060370,2024-12-19,12393,12753,12305,12595,344011,4444000000,37222004
060370,2024-12-20,13349,13683,12682,12726,1485827,19519000000,37222004
060370,2024-12-23,12656,13385,12463,12972,997900,13028000000,37222004
060370,2024-12-24,12919,13341,12744,12788,493648,6419000000,37222004
060370,2024-12-26,12788,13086,12788,12867,300416,3891000000,37222004
060370,2024-12-27,12761,13033,12349,12656,375591,4758000000,37222004
060370,2024-12-30,12516,13051,12516,12981,192183,2480000000,37222004
060370,2025-01-02,12928,13604,12928,13604,433302,5787000000,37222004
060370,2025-01-03,13604,13674,13306,13586,286895,3862000000,37222004
060370,2025-01-06,13639,13823,13472,13780,237334,3235000000,37222004
060370,2025-01-07,13946,13946,13639,13797,215421,2962000000,37222004
060370,2025-01-08,13709,13753,13288,13385,212050,2861000000,37222004
060370,2025-01-09,13385,14016,13095,13990,479776,6594000000,37222004
060370,2025-01-10,14482,15596,14218,14613,1575268,23294000000,37222004
060370,2025-01-13,14438,14648,14350,14438,237469,3428000000,37222004
060370,2025-01-14,14587,14710,14315,14578,225575,3278000000,37222004
060370,2025-01-15,14569,14789,14315,14657,263863,3839000000,37222004
060370,2025-01-16,14710,15096,14613,14833,348836,5190000000,37222004
060370,2025-01-17,15798,17290,15254,15991,8102530,132151000000,37222004
060370,2025-01-20,15886,16097,15315,15473,710678,11139000000,37222004
060370,2025-01-21,15614,15816,15447,15473,423011,6602000000,37222004
060370,2025-01-22,15473,15877,15473,15605,393980,6174000000,37222004
060370,2025-01-23,15614,15956,15254,15412,425995,6616000000,37222004
060370,2025-01-24,15623,15877,15324,15377,438831,6824000000,37222004
060370,2025-01-31,14920,15096,14561,14806,261800,3873000000,37222004
060370,2025-02-03,14719,15254,14403,14727,274542,4046000000,37222004
060370,2025-02-04,14727,14991,14657,14982,204108,3037000000,37222004
060370,2025-02-05,15043,15043,14613,14640,178401,2630000000,37222004
060370,2025-02-06,14666,14833,14394,14640,210787,3078000000,37222004
060370,2025-02-07,14640,14640,14271,14464,181208,2614000000,37222004
060370,2025-02-10,14464,14464,14218,14271,127661,1828000000,37222004
060370,2025-02-11,14157,14368,14113,14174,113552,1613000000,37222004
060370,2025-02-12,14095,14877,13876,14815,556313,8086000000,37222004
060370,2025-02-13,14912,15228,14552,14815,357814,5305000000,37222004
060370,2025-02-14,14710,14736,13622,14122,289293,4125000000,37222004
060370,2025-02-17,14289,16149,14122,16000,4471543,69541000000,37222004
060370,2025-02-18,15684,16211,15631,16018,1376396,22017000000,37222004
060370,2025-02-19,17141,17466,16167,16167,3383612,57051000000,37222004
060370,2025-02-20,16167,16211,15447,15500,484086,7616000000,37222004
060370,2025-02-21,15236,15710,15228,15421,222314,3434000000,37222004
060370,2025-02-24,15140,15456,14745,15394,332044,5002000000,37222004
060370,2025-02-25,15386,15386,14912,15052,177308,2668000000,37222004
060370,2025-02-26,15052,15438,15008,15210,174379,2648000000,37222004
060370,2025-02-27,15333,15377,14841,14947,149827,2250000000,37222004
060370,2025-02-28,14877,14947,14561,14561,154892,2274000000,37222004
060370,2025-03-04,14139,14534,14069,14482,130183,1867000000,37222004
060370,2025-03-05,14350,14613,14324,14605,125931,1825000000,37222004
060370,2025-03-06,14578,14877,14148,14174,204474,2966000000,37222004
060370,2025-03-07,14087,14087,13586,13797,331912,4565000000,37222004
060370,2025-03-10,13630,13850,13516,13780,90345,1239000000,37222004
060370,2025-03-11,13279,13569,13086,13446,140322,1874000000,37222004
060370,2025-03-12,13349,13937,13314,13516,243548,3309000000,37222004
060370,2025-03-13,13613,14183,13613,14008,214532,2997000000,37222004
060370,2025-03-14,14008,14885,13981,14719,376779,5463000000,37222004
060370,2025-03-17,14798,14894,14508,14675,172822,2531000000,37222004
060370,2025-03-18,14727,14780,14473,14552,111488,1630000000,37222004
060370,2025-03-19,14613,14692,14394,14438,87026,1263000000,37222004
060370,2025-03-20,14605,14605,14095,14262,94970,1356000000,37222004
060370,2025-03-21,14262,14262,13841,14113,98796,1379000000,37222004
060370,2025-03-24,14052,14139,13902,13937,44057,617000000,37222004
060370,2025-03-25,13955,14719,13551,13929,258786,3615000000,37222004
060370,2025-03-26,13955,13999,13797,13876,44213,614000000,37222004
060370,2025-03-27,13683,13850,13165,13165,116863,1574000000,37222004
060370,2025-03-28,13297,13385,13042,13165,78758,1034000000,37222004
060370,2025-03-31,12858,12928,12419,12437,68162,859000000,37222004
060370,2025-04-01,12603,13156,12428,13156,88544,1143000000,37222004
060370,2025-04-02,13042,13156,12489,12489,73761,928000000,37222004
060370,2025-04-03,12086,12797,12086,12797,43592,546000000,37222004
060370,2025-04-04,12630,12946,12375,12621,71615,900000000,37222004
060370,2025-04-07,12287,12463,11506,11585,92805,1096000000,37222004
060370,2025-04-08,11778,12121,11743,11884,43947,524000000,37222004
060370,2025-04-09,11594,11980,11375,11471,56988,660000000,37222004
060370,2025-04-10,12217,12428,12024,12331,96523,1187000000,37222004
060370,2025-04-11,12068,12893,11989,12858,66329,839000000,37222004
060370,2025-04-14,12954,13385,12849,13297,88418,1163000000,37222004
060370,2025-04-15,13648,13867,13481,13727,90512,1245000000,37222004
060370,2025-04-16,13823,13841,13244,13341,44032,595000000,37222004
060370,2025-04-17,13341,13595,13165,13560,59558,804000000,37222004
060370,2025-04-18,13683,13683,13420,13613,32046,433000000,37222004
060370,2025-04-21,13560,13806,13402,13525,46291,630000000,37222004
060370,2025-04-22,13262,14192,13262,14166,169886,2370000000,37222004
060370,2025-04-23,14727,15131,14482,14947,335621,4996000000,37222004
060370,2025-04-24,15026,16676,14877,15710,1865979,29639000000,37222004
060370,2025-04-25,15710,16219,15631,15789,378552,6025000000,37222004
060370,2025-04-28,15877,16009,15315,15526,276336,4336000000,37222004
060370,2025-04-29,15623,16360,15544,15930,398667,6350000000,37222004
060370,2025-04-30,16176,16237,15570,15675,221721,3523000000,37222004
060370,2025-05-02,15710,15754,15438,15465,88446,1379000000,37222004
060370,2025-05-07,15473,15552,15298,15535,75813,1170000000,37222004
060370,2025-05-08,15535,16009,15228,15912,212859,3365000000,37222004
060370,2025-05-09,16070,16070,15605,15833,101915,1611000000,37222004
060370,2025-05-12,16000,16140,15877,16018,174305,2791000000,37222004
060370,2025-05-13,16018,16939,16018,16825,537270,8937000000,37222004
060370,2025-05-14,17115,18826,16851,18694,1221620,22125000000,37222004
060370,2025-05-15,18651,18651,17992,18343,293152,5356000000,37222004
060370,2025-05-16,18300,18914,18212,18782,259725,4845000000,37222004
060370,2025-05-19,19309,19309,17905,18475,338961,6253000000,37222004
060370,2025-05-20,18387,18694,17641,17992,549086,9973000000,37222004
060370,2025-05-21,18300,18343,17510,18080,325760,5809000000,37222004
060370,2025-05-22,18080,18212,17685,17817,209252,3748000000,37222004
060370,2025-05-23,17905,17905,17080,17466,276974,4814000000,37222004
060370,2025-05-26,17413,17413,16860,17044,225585,3859000000,37222004
060370,2025-05-27,15272,16140,14973,15693,1530762,24004000000,37222004
060370,2025-05-28,15789,15974,15272,15579,519715,8110000000,37222004
060370,2025-05-29,15631,16097,15631,15798,216674,3432000000,37222004
060370,2025-05-30,15798,15798,15236,15667,284747,4407000000,37222004
060370,2025-06-02,15789,16149,15693,16105,208704,3337000000,37222004
060370,2025-06-04,16930,17948,16772,17641,618421,10711000000,37222004
060370,2025-06-05,18036,18124,17554,17948,220304,3919000000,37222004
060370,2025-06-09,19748,23258,19177,22776,4243213,91467000000,37222004
060370,2025-06-10,25453,27954,24048,25014,2903595,73654000000,37222004
060370,2025-06-11,24487,26155,24180,25760,1254548,31693000000,37222004
060370,2025-06-12,28612,30368,26023,26462,2335709,64930000000,37222004
060370,2025-06-13,25848,26594,25058,25409,803543,20580000000,37222004
060370,2025-06-16,24794,26243,24487,25321,572644,14564000000,37222004
060370,2025-06-17,25496,25716,24136,24838,500828,12517000000,37222004
060370,2025-06-18,24487,25760,24048,25321,478023,11989000000,37222004
060370,2025-06-19,26813,27032,25628,26769,773452,20513000000,37222004
060370,2025-06-20,27910,30675,26374,27032,2316368,65146000000,37222004
060370,2025-06-23,26243,29314,26067,28481,1107191,31285000000,37222004
060370,2025-06-24,29051,29227,27910,28393,500594,14230000000,37222004
060370,2025-06-25,30499,32035,27471,28261,1166852,34365000000,37222004
060370,2025-06-26,28393,30104,27252,28700,989622,28386000000,37222004
060370,2025-06-27,30300,32950,29250,31550,988566,30887000000,32668854
060370,2025-06-30,30950,32000,30700,31450,337654,10549000000,32668854
060370,2025-07-01,32750,33800,31700,32100,552649,18144000000,32668854
060370,2025-07-02,31850,32500,30900,32450,260088,8233000000,32668854
060370,2025-07-03,32300,32300,30000,30000,399281,12326000000,32668854
060370,2025-07-04,29950,30350,28900,29350,230440,6791000000,32668854
060370,2025-07-07,28650,29550,28350,28950,207974,5982000000,32668854
060370,2025-07-08,28700,31250,28550,29500,337391,9969000000,32668854
060370,2025-07-09,30150,30150,29250,29800,145472,4321000000,32668854
060370,2025-07-10,29900,30050,29200,29550,123108,3627000000,32668854
060370,2025-07-11,30150,30150,29300,29700,93336,2764000000,32668854
060370,2025-07-14,29200,29200,27550,27950,214924,6041000000,32668854
060370,2025-07-15,28000,28950,27950,28500,176638,5049000000,32668854
060370,2025-07-16,28650,29550,28200,29100,132059,3839000000,32668854
060370,2025-07-17,30450,30550,28875,28900,307403,9132000000,32668854
060370,2025-07-18,29000,29300,27800,28050,150366,4249000000,32668854
060370,2025-07-21,28100,28150,27100,28000,230737,6362000000,32668854
060370,2025-07-22,27750,28250,27400,28150,206134,5742000000,32668854
060370,2025-07-23,28300,28750,27350,27700,111782,3107000000,32668854
060370,2025-07-24,27600,28000,27250,27600,119457,3297000000,32668854
060370,2025-07-25,27700,27850,27300,27700,79652,2197000000,32668854
060370,2025-07-28,27600,27700,26800,26850,117233,3178000000,32668854
060370,2025-07-29,26950,27450,26200,27050,96652,2608000000,32668854
060370,2025-07-30,27150,27150,26500,26650,92918,2488000000,32668854
060370,2025-07-31,26800,26850,25850,26150,287447,7516000000,32668854
060370,2025-08-01,25850,26100,24950,25050,178610,4511000000,32668854
060370,2025-08-04,24700,25950,24700,25850,108512,2787000000,32668854
060370,2025-08-05,26150,27000,26100,26900,253077,6754000000,32668854
060370,2025-08-06,27350,27900,26450,27450,206188,5631000000,32668854
060370,2025-08-07,27650,27800,27000,27750,120375,3311000000,32668854
060370,2025-08-08,27750,28250,27300,27900,168184,4675000000,32668854
060370,2025-08-11,28650,28650,27150,27350,167298,4636000000,32668854
060370,2025-08-12,27300,28000,26750,27000,131557,3590000000,32668854
060370,2025-08-13,27550,27850,26600,27100,135389,3680000000,32668854
060370,2025-08-14,27000,27400,26700,27100,51533,1388000000,32668854
060370,2025-08-18,26650,26900,26250,26450,89215,2356000000,32668854
060370,2025-08-19,26200,26500,25150,25250,143035,3653000000,32668854
060370,2025-08-20,24200,24700,23500,24250,152692,3656000000,32668854
060370,2025-08-21,24050,24450,23850,24200,88576,2143000000,32668854
060370,2025-08-22,23950,24600,23950,24050,95253,2303000000,32668854
060370,2025-08-25,24500,24950,24150,24250,134787,3292000000,32668854
060370,2025-08-26,23900,25000,23600,24350,508292,12392000000,32668854
060370,2025-08-27,24650,24650,23900,24250,113066,2726000000,32668854
060370,2025-08-28,23700,24200,23200,23550,246779,5833000000,52238854
060370,2025-08-29,23300,23400,22500,23000,287932,6564000000,52238854
060370,2025-09-01,22750,24600,22650,23600,473940,11326000000,52238854
060370,2025-09-02,23600,24200,23000,23100,216267,5049000000,52238854
060370,2025-09-03,23100,23550,22500,22700,276755,6320000000,52238854
060370,2025-09-04,22900,23250,22600,22950,170801,3917000000,52238854
060370,2025-09-05,23100,24050,22900,23350,275561,6489000000,52238854
060370,2025-09-08,23600,24050,23100,23100,233441,5504000000,52238854
060370,2025-09-09,23200,23950,23000,23300,218261,5128000000,52238854
060370,2025-09-10,23350,23450,22650,23350,376245,8687000000,52238854
060370,2025-09-11,23600,24350,23400,24250,457294,10977000000,52238854
060370,2025-09-12,24550,24600,23550,23850,322218,7704000000,52238854
060370,2025-09-15,23700,24950,23650,24950,448995,10992000000,52238854
060370,2025-09-16,24900,25350,24200,24800,487779,12037000000,52238854
060370,2025-09-17,25050,25050,23550,23900,364085,8747000000,52238854
060370,2025-09-18,24100,25150,24100,24550,351825,8668000000,52238854
060370,2025-09-19,24850,24850,24200,24200,210023,5143000000,52238854
060370,2025-09-22,24250,25400,24250,24750,424008,10564000000,52238854
060370,2025-09-23,24950,25250,24300,24300,279359,6917000000,52238854
060370,2025-09-24,24500,24500,23400,23650,272172,6459000000,52238854
060370,2025-09-25,23650,23700,22650,22700,342513,7853000000,52238854
060370,2025-09-26,22650,22750,21650,21950,289693,6406000000,52238854
060370,2025-09-29,21950,22250,21700,22250,163958,3603000000,52238854
060370,2025-09-30,22250,22350,21900,22300,100387,2221000000,52238854
060370,2025-10-01,22600,22850,22250,22500,133085,3008000000,52238854
060370,2025-10-02,23300,24700,22750,24500,631542,15237000000,52238854
060370,2025-10-10,24650,25400,24300,25250,507967,12677000000,52238854
060370,2025-10-13,24400,25150,24150,24900,394655,9699000000,52238854
060370,2025-10-14,25150,25500,23400,23700,440623,10718000000,52238854
060370,2025-10-15,24050,24700,24000,24700,253625,6184000000,52238854
060370,2025-10-16,24850,24900,24250,24400,255583,6267000000,52238854
060370,2025-10-17,24300,24350,23600,23700,233771,5562000000,52238854
060370,2025-10-20,23650,24100,23500,24000,172725,4129000000,52238854
060370,2025-10-21,24250,24250,23050,23450,353447,8338000000,52238854
060370,2025-10-22,23450,23800,22950,23600,254645,5955000000,52238854
060370,2025-10-23,23500,25700,23000,25050,1221450,30424000000,52238854
060370,2025-10-24,25300,25450,24700,25250,668646,16763000000,52238854
060370,2025-10-27,25450,25500,24450,24800,675161,16783000000,52238854
060370,2025-10-28,24900,28250,24900,28200,3276648,88773000000,52238854
060370,2025-10-29,28250,28250,26900,27850,1079317,29617000000,52238854
060370,2025-10-30,28500,29400,27150,28450,1219042,34305000000,52238854
060370,2025-10-31,28450,29700,27700,28900,1072340,31028000000,52238854
060370,2025-11-03,29550,30700,29200,30450,1355661,40652000000,52238854
060370,2025-11-04,31100,31800,29300,29300,1060690,32109000000,52238854
060370,2025-11-05,28400,29000,26550,27750,987176,27204000000,52238854
060370,2025-11-06,28700,29200,26800,27100,574717,15954000000,52238854
060370,2025-11-07,26450,30400,26350,28500,1150212,32664000000,52238854
060370,2025-11-10,28850,28900,27450,28300,389205,10940000000,52238854
060370,2025-11-11,28500,28700,26850,27250,577078,15952000000,52238854
060370,2025-11-12,27250,27600,26800,27300,285565,7780000000,52238854
060370,2025-11-13,27450,27500,26800,27100,256750,6942000000,52238854
060370,2025-11-14,26200,26700,25550,25650,395832,10269000000,52238854
060370,2025-11-17,25950,26400,25750,26250,173968,4540000000,52238854
060370,2025-11-18,26200,26250,25150,25400,249317,6386000000,52238854
060370,2025-11-19,25250,25650,24100,25100,305469,7602000000,52238854
060370,2025-11-20,25700,26450,25650,26200,203784,5317000000,52238854
060370,2025-11-21,25050,26050,24950,25650,222455,5700000000,52238854
060370,2025-11-24,25700,26150,24900,26150,169524,4348000000,52238854
060370,2025-11-25,26150,26600,25800,26300,177166,4650000000,52238854
060370,2025-11-26,26850,27200,26250,26750,223354,5961000000,52238854
060370,2025-11-27,27000,27200,26600,26900,164619,4417000000,52238854
060370,2025-11-28,26700,27200,26450,27000,173886,4663000000,52238854
060370,2025-12-01,26900,28100,26500,27650,428760,11815000000,52238854
060370,2025-12-02,27950,28700,27700,28100,430826,12163000000,52238854
060370,2025-12-03,28150,28450,27800,28250,171364,4818000000,52238854
060370,2025-12-04,28250,28600,27900,28550,277137,7865000000,52238854
060370,2025-12-05,28950,30300,28600,29900,827655,24530000000,52238854
060370,2025-12-08,29900,30000,28550,29200,406106,11809000000,52238854
060370,2025-12-09,29200,31650,28300,30700,1248022,38365000000,52238854
060370,2025-12-10,30850,30850,29250,30000,492865,14729000000,52238854
060370,2025-12-11,30350,30350,28550,29400,902319,26522000000,52238854
060370,2025-12-12,30000,36650,29450,36500,5458875,184450000000,52238854
060370,2025-12-15,34800,35800,33600,33950,1368157,46946000000,52238854
060370,2025-12-16,33950,34200,32500,32750,773068,25616000000,52238854
060370,2025-12-17,33200,33500,31950,32150,546274,17797000000,52238854
060370,2025-12-18,31300,32400,31100,31500,509200,16092000000,52238854
060370,2025-12-19,31700,32050,30350,31450,417592,13024000000,52238854
060370,2025-12-22,32000,32050,31350,31950,327539,10386000000,52238854
060370,2025-12-23,32250,32250,30450,30500,504452,15604000000,52238854
060370,2025-12-24,30550,31350,30000,30400,358766,11060000000,52238854
060370,2025-12-26,30500,30600,29400,29550,397733,11816000000,52238854
060370,2025-12-29,29550,30600,29500,30550,272881,8259000000,52238854
060370,2025-12-30,30500,30500,29750,29950,182065,5465000000,52238854
